4739
1519 1499
8746 8729
12156 12138
18813 18804
24818 24813
30508 30496
40696 40692
44735 44685
63794 63791
67660 67633
71750 71748
75105 75061
1789 1779
20803 20777
29392 29378
35118 35107
45425 45424
47537 47514
29107 29050
53377 53353
1092 1085
3579 3565
5307 5302
19815 19806
41575 41559
51218 51193
56323 56320
70126 70124
75096 75074
76458 76456
79379 79374
25112 25095
39561 39493
42945 42941
44439 44405
6888 6827
19740 19733
44441 44423
45580 45572
48752 48730
49486 49471
52688 52687
59720 59719
62435 62415
46977 46962
20036 20033
27079 27073
27448 27425
35412 35409
44695 44688
48906 48814
72469 72437
74523 74511
32051 32010
32853 32847
40264 40259
24990 24973
34470 34461
73686 73638
79930 79844
79628 79612
79575 79495
79421 79385
78968 78935
77604 77509
77199 77159
76590 76584
76260 76237
75275 75180
74897 74781
74515 74501
74137 74114
73599 73591
73217 73190
72190 72154
71381 71274
71214 71186
71131 71072
70767 70764
70717 70630
70270 70249
70240 70183
70084 70017
69898 69873
69821 69803
69317 69246
69110 69081
68973 68972
68480 68436
67683 67654
67617 67538
67196 67144
67110 67052
66429 66363
66157 66093
65882 65839
64288 64144
62965 62940
62352 62163
62096 62066
61623 61559
60983 60969
60887 60806
58534 58479
58231 58177
57484 57465
55798 55756
54836 54809
54409 54332
53311 53307
53251 53234
53197 53196
52881 52874
52263 52251
52087 52082
51784 51770
51442 51438
51359 51340
51305 51293
51127 51072
50221 50136
50081 49989
49975 49796
49468 49225
48778 48735
48527 48511
47687 47680
47465 47460
47394 47388
47128 46995
45901 45853
43157 43142
42121 42019
41877 41866
40621 40535
40303 40277
39895 39846
39097 39034
38557 38533
37826 37812
37269 37252
35427 35420
34585 34548
34150 34119
33957 33921
33915 33859
33481 33475
33183 33108
31891 31866
31377 31359
30989 30952
30588 30480
29079 29049
28891 28803
28112 27977
27380 27338
27149 27137
26448 26402
25161 25124
24951 24883
23831 23696
22918 22914
22856 22814
20684 20598
20059 20010
19977 19908
19800 19729
19384 19369
18911 18910
18576 18475
13318 13314
11982 11903
11501 11497
11322 11259
10820 10816
9984 9956
9476 9455
8784 8723
8711 8708
8583 8556
8515 8416
6579 6564
6464 6436
6034 6026
5882 5857
5797 5766
5241 5226
5122 5115
5100 5052
4328 4315
4069 4050
3452 3435
3312 3280
3001 2991
2955 2946
2869 2775
2366 2348
1526 1472
523 460
189 167
79775 79769
79221 79193
79161 79153
78868 78842
78476 78307
78063 78044
77092 77076
76928 76846
76223 76177
76102 75881
75619 75607
75489 75447
75424 75390
74991 74938
74750 74673
74536 74516
74444 74423
74402 74355
74028 74002
73791 73714
73529 73527
73496 73479
73400 73333
72891 72772
72292 72240
71909 71788
71169 71145
71062 70992
70604 70588
70476 70413
70390 70341
70163 70143
69972 69946
69560 69523
69475 69464
69185 69121
68611 68557
68168 68142
68008 67988
67802 67791
66963 66877
66659 66576
66565 66538
66331 66287
65581 65559
65524 65486
65467 65431
65363 65342
65271 65253
65229 65144
65026 64977
64942 64826
64728 64707
64656 64630
64595 64576
64321 64298
63837 63776
63750 63718
63201 63167
62896 62866
62502 62489
62120 62112
61979 61856
61841 61770
61541 61524
61359 61326
60779 60756
60530 60449
60043 60031
59896 59840
59783 59772
59499 59426
59306 59293
59242 59240
59027 58741
58723 58714
58238 58237
58169 58144
58080 58057
57932 57914
57885 57882
57781 57714
57704 57688
57334 57282
57276 57270
57248 57226
57098 57024
56927 56866
56640 56381
55754 55737
55356 55317
54900 54859
54785 54765
54764 54673
54443 54415
54258 54208
53589 53522
53193 53163
52567 52550
52533 52511
52077 52068
51951 51945
51853 51802
51288 51212
50361 50322
49138 49116
48888 48815
48402 48371
48129 48107
47991 47951
47719 47700
47672 47614
47425 47410
46993 46992
46656 46628
46616 46568
46541 46522
46504 46486
46410 46405
45279 45273
45102 45023
45000 44993
44988 44969
44835 44650
44526 44505
44064 43923
43522 43472
43412 43378
43264 43200
43020 43016
42931 42844
42786 42697
42273 42271
41968 41889
41484 41472
41164 41147
41110 40944
40644 40633
39945 39933
39795 39759
39636 39616
39587 39560
39011 38962
38662 38579
38576 38562
38517 38486
38289 38264
38263 38181
38069 38047
38013 37992
37436 37410
37213 36953
36887 36616
36251 36224
35976 35930
35880 35866
35575 35552
35511 35494
35371 35340
34927 34916
34764 34593
34431 34352
34322 34292
34232 34217
33058 33047
32759 32660
32145 32130
31920 31915
31827 31804
31667 31624
31512 31509
31448 31395
30842 30820
29896 29812
29743 29638
28585 28519
27899 27859
27788 27771
27691 27668
27540 27465
27283 27282
27204 27157
27021 27015
26913 26871
26863 26746
26727 26695
26649 26586
26390 26278
26080 26020
25993 25977
25779 25724
24766 24743
24735 24622
24512 24450
24364 24362
24301 24294
24234 24180
24149 24119
24097 24086
23963 23871
23520 23425
23389 23382
23310 23243
23232 23153
23137 23060
22859 22857
22722 22688
21916 21831
21752 21640
21432 21418
21150 21093
20954 20924
20757 20721
20363 20206
19360 19350
19080 19041
18809 18767
18663 18651
18457 18442
18441 18398
18345 18218
17409 17393
16943 16901
16832 16807
16795 16697
16521 16497
16403 16379
15888 15803
15438 15390
14460 14430
14029 14007
13959 13945
12957 12873
12687 12569
12300 12292
11613 11522
11482 11480
11399 11362
11175 11069
10456 10428
10324 10292
10017 10012
9942 9930
9892 9861
9836 9834
9679 9649
9320 9303
9293 9235
9197 9184
9079 8934
8895 8789
7953 7942
7891 7862
7760 7748
7690 7674
7642 7615
7389 7327
7182 7059
6835 6798
6786 6761
6253 6249
5265 5253
4967 4921
4855 4831
4554 4521
4477 4455
4041 4029
3722 3647
2689 2670
2657 2631
2423 2406
2046 1832
831 787
758 739
427 416
295 220
79993 79956
79822 79796
79337 79318
79168 79166
79032 78984
78667 78621
78602 78571
78502 78493
77869 77838
77787 77677
77366 77268
77149 77099
76773 76703
76461 76399
75586 75543
75380 75379
74264 74260
74080 74068
73855 73839
73302 73296
72430 72401
72322 72299
72126 72120
72099 72097
71484 71446
70135 70114
69872 69864
69678 69653
69424 69355
69352 69318
69225 69191
68803 68680
68542 68485
68129 68118
68107 68093
67980 67937
67345 67336
67298 67230
66821 66694
66528 66436
66340 66339
66241 66163
65887 65886
64773 64745
64540 64526
64502 64366
64143 64102
63122 63117
61438 61398
61300 61182
61170 61041
60705 60613
60428 60180
59914 59897
59690 59646
58604 58547
58471 58415
57870 57785
57567 57529
56948 56946
56347 56306
56157 56067
56017 55990
55901 55807
55271 55207
55176 55151
54506 54463
54299 54264
54007 53865
53861 53825
53650 53592
53517 53442
53434 53390
53162 53157
52836 52794
52634 52615
52374 52286
52172 52107
51941 51867
51740 51690
51659 51550
51431 51398
51068 51017
50995 50944
50940 50870
50687 50671
49609 49600
49076 49023
48588 48551
48487 48485
48359 48342
48336 48257
48054 48031
47833 47754
47300 47274
47264 47209
47197 47188
46514 46510
45731 45708
45672 45600
45593 45585
45469 45460
45440 45348
45187 45105
44863 44851
44608 44571
44300 44217
44158 44145
44138 44085
43770 43724
43704 43675
43666 43630
43001 42993
42482 42462
41749 41515
40911 40823
40514 40454
40436 40409
40240 40189
40045 40025
39599 39591
39262 39258
39251 39231
38453 38446
38436 38418
37708 37562
37502 37456
36528 36443
35849 35704
35683 35646
35518 35513
35200 35199
35136 35052
34866 34862
34839 34831
34539 34479
33806 33486
33458 33339
32639 32591
32420 32400
32202 32166
32105 32073
31985 31964
31507 31484
31350 31226
31111 31062
30787 30778
30107 30083
29791 29775
29607 29527
29365 29270
28728 28656
28231 28153
27637 27613
27428 27411
27278 27272
27264 27261
26514 26472
25941 25885
25675 25633
25569 25568
25249 25221
24874 24858
24852 24778
24614 24587
24573 24558
24444 24442
23617 23554
22870 22867
22480 22473
22408 22316
21828 21822
21638 21617
21084 21019
20850 20808
20571 20473
20115 20102
19414 19397
19245 19240
19213 19210
17275 17246
17203 17115
16113 16094
15584 15507
15382 15340
15337 15289
14871 14856
14848 14829
14764 14741
14726 14702
14661 14604
14352 14259
13851 13789
13773 13724
13714 13690
13483 13465
12857 12813
12385 12382
12228 12143
10745 10744
10715 10675
10405 10331
10279 10172
9576 9550
8670 8614
8363 8304
8033 8010
7972 7959
7419 7408
7278 7185
7024 6923
6351 6319
6099 6083
5950 5886
5749 5702
5597 5438
5324 5292
4268 4235
4155 4147
3866 3843
3533 3516
2903 2886
2630 2618
2590 2586
2266 2175
2174 2108
1796 1778
1641 1634
1452 1417
1342 1170
1141 1128
949 891
320 306
150 149
97 74
79369 79297
79080 79058
78905 78872
78795 78789
78788 78786
78610 78541
76162 76124
75827 75821
75817 75813
75309 75284
74946 74942
74655 74626
74405 74363
74352 74335
74036 74024
73979 73946
73581 73579
73403 73385
73273 73248
73053 73046
72784 72774
72644 72528
72036 72033
72016 72003
71934 71910
71810 71800
71437 71374
71305 71273
71265 71232
70943 70939
70474 70472
70464 70458
70451 70337
70267 70265
69905 69902
69896 69894
69681 69581
69334 69296
69263 69203
68993 68985
68806 68768
68420 68349
68156 68151
68103 68086
68067 68052
67731 67726
67689 67685
66929 66926
66597 66594
66578 66569
66553 66536
66399 66276
66253 66244
65978 65928
65890 65873
65766 65755
65153 65129
65045 64928
64885 64702
64649 64631
64528 64512
64261 64219
63798 63780
63743 63739
63225 63209
62603 62600
62534 62514
62092 62086
62034 62028
61874 61849
61793 61788
61739 61673
61637 61628
61370 61353
61331 61319
61079 61070
60770 60768
60660 60641
60437 60427
59773 59727
59703 59696
59623 59561
59492 59475
58825 58824
58676 58665
58598 58559
58366 58348
58319 58318
58156 58119
57700 57681
57428 57423
57095 57076
56695 56693
56548 56509
56445 56363
55902 55859
55838 55817
55789 55724
55668 55660
55562 55513
55498 55439
55397 55392
54959 54882
54717 54689
54418 54392
54224 54211
53673 53644
52995 52971
52800 52780
52416 52367
52241 52220
51741 51739
51527 51520
51368 51316
50728 50708
50668 50650
50624 50622
50167 50148
50121 50105
49639 49636
49339 49323
49203 49201
49148 49147
49056 49040
49024 49003
48995 48987
48498 48484
48473 48470
48135 48119
47894 47879
47686 47676
47673 47656
47483 47470
47162 47154
47145 47066
46939 46925
46634 46627
46324 46322
46212 46183
45940 45939
45581 45531
45519 45502
45211 45167
45092 45065
44631 44598
44435 44427
44333 44323
43233 43230
43076 43042
42733 42727
42296 42286
41972 41970
41969 41965
41960 41940
41831 41825
41777 41747
41599 41597
41586 41583
41556 41551
41508 41505
41496 41469
41361 41330
41221 41187
40279 40250
40150 40144
39786 39765
39732 39703
39299 39282
39188 39185
39179 39173
39166 39165
38740 38733
38538 38510
38426 38421
38153 38107
37791 37783
37665 37660
37495 37469
37333 37332
37239 37237
37236 37207
35574 35546
35483 35468
35135 35078
34851 34804
34587 34511
34425 34415
34273 34262
34251 34247
34241 34234
34211 34208
34054 34047
33951 33917
33779 33777
33768 33766
33571 33560
33414 33313
32570 32561
32432 32419
32258 32254
31961 31950
31683 31647
31557 31526
31365 31355
31275 31264
31047 31018
30783 30781
30757 30732
30397 30391
30210 30203
30188 30181
29801 29798
29750 29717
29345 29326
29324 29312
29158 29148
29042 29035
28847 28775
28674 28576
28078 28044
27808 27801
27365 27356
26986 26979
26726 26691
26690 26687
26558 26517
26468 26462
26246 26204
26056 26053
25680 25671
25290 25187
24949 24943
24902 24805
24422 24411
24317 24287
24261 24242
23846 23845
23755 23748
23637 23631
23622 23573
23486 23478
22639 22554
22261 22253
22142 22132
22100 22046
22004 21990
21843 21821
21784 21703
21459 21420
21251 21238
21175 21173
21100 21094
20630 20616
20472 20423
19520 19474
19226 19170
18823 18820
18036 18029
17953 17948
17743 17676
17430 17383
16963 16920
16909 16885
16794 16761
16296 16267
15868 15849
15813 15807
15791 15775
15665 15660
14807 14805
14284 14271
13784 13757
13535 13526
13520 13503
12935 12915
11697 11695
11642 11641
11571 11554
11541 11504
10485 10471
10387 10378
9355 9342
8710 8582
8388 8373
8057 8015
7948 7938
7531 7523
7398 7396
6794 6783
5817 5773
5573 5565
5278 5276
4925 4882
4472 4463
4135 4132
3882 3863
3849 3836
3517 3514
3456 3451
3182 3071
3025 3017
2928 2917
2912 2866
2747 2743
2714 2709
2696 2639
2427 2424
1765 1758
1264 1222
1191 1169
1125 1115
685 681
79292 79286
78796 78791
78018 77941
76700 76647
76508 76463
75830 75724
75060 75011
74203 74169
72956 72915
72714 72684
72568 72535
72220 72209
70928 70915
70904 70896
70627 70606
69798 69782
69775 69698
69622 69598
67033 67004
66843 66831
65815 65689
65546 65531
63976 63940
63897 63893
63591 63480
62865 62826
62683 62681
62463 62377
62104 62101
60925 60900
60168 60156
59625 59585
58659 58640
56844 56757
55619 55448
55203 55201
55017 54954
54910 54904
54046 54039
52671 52661
52450 52412
51192 51164
50801 50714
50291 50239
49718 49714
47942 47864
46703 46673
46447 46438
46401 46330
46244 46127
46041 45929
45844 45750
44399 44360
43894 43843
42390 42373
41996 41973
41839 41836
41449 41372
41268 41251
40711 40683
39994 39958
38913 38825
38791 38730
37809 37799
37344 37303
36409 36379
36105 35983
35481 35443
34069 34035
33334 33194
32334 32331
30058 29967
29939 29929
29910 29900
29046 28947
28404 28339
27558 27552
27445 27441
27335 27316
27115 27094
26261 26203
25315 25288
22673 22502
22444 22417
22291 21962
21417 21332
20443 20431
20420 20414
20166 20139
19693 19546
18966 18946
18179 18117
17861 17732
17354 17328
16632 16625
16543 16542
16215 16212
15491 15448
15076 15048
15032 14977
14927 14893
14574 14563
14206 14033
13630 13628
12492 12421
12128 12064
11789 11739
11692 11647
10867 10857
10608 10607
9924 9905
9829 9780
9618 9592
8128 8064
7741 7720
7505 7426
6900 6863
6548 6521
5407 5353
5280 5269
4638 4613
3943 3907
3755 3748
1737 1678
1104 1052
79850 79845
79707 79691
79573 79572
79513 79464
79454 79429
79051 79000
78776 78721
78500 78489
78439 78399
78328 78319
78174 78171
78088 78076
77876 77848
77833 77821
77759 77720
77663 77590
77314 77306
77295 77265
77169 77147
77145 77143
77114 77091
77088 77058
76952 76900
76809 76807
76750 76731
76292 76283
76203 76165
76001 75969
75956 75914
75878 75860
75593 75588
75534 75502
75412 75352
75348 75346
75182 75172
75168 75154
74928 74925
74856 74824
74812 74810
74809 74806
74725 74690
74598 74593
74174 74160
74156 74143
74023 74018
73925 73908
73884 73860
73820 73802
73784 73771
73639 73619
73577 73571
73565 73564
73431 73417
73103 73074
73036 73035
72980 72974
72832 72828
72812 72798
72729 72685
72520 72475
72422 72389
72332 72323
72321 72319
72271 72237
72173 72163
72149 72134
72121 72044
71993 71991
71908 71887
71834 71827
71774 71756
71691 71681
71541 71535
71532 71498
71474 71462
71359 71330
71187 71177
70893 70878
70798 70745
70683 70667
70666 70638
70629 70617
70579 70546
70331 70295
70243 70191
70067 70032
69945 69936
69535 69488
69430 69376
69354 69351
69348 69335
69180 69174
69152 69140
69130 69101
68826 68818
68584 68574
68553 68552
68468 68434
68209 68195
68169 68162
68075 68074
68072 68071
67943 67929
67752 67739
67180 67165
67114 67094
67039 67020
67008 66960
66958 66942
66925 66852
66796 66793
66712 66691
66190 66087
65720 65696
65632 65624
65179 65173
64693 64672
64591 64530
64205 64198
64158 64145
64117 64033
63978 63941
63737 63733
63730 63704
63669 63644
63603 63601
63446 63376
63107 63076
62986 62984
62950 62939
62931 62897
62864 62846
62723 62710
62707 62677
62624 62614
62585 62575
62495 62479
62404 62401
62350 62341
62337 62325
62226 62215
62199 62193
62182 62173
62080 62036
61944 61919
61653 61640
61616 61589
61557 61555
61264 61117
61046 61037
60982 60973
60570 60560
60551 60516
60319 60305
60064 60061
60052 60042
60019 59992
59861 59856
59826 59807
59802 59801
59792 59790
59678 59668
59310 59268
59171 59162
59161 59143
59073 59016
58991 58990
58892 58883
58862 58859
58657 58643
58546 58530
58194 58192
58173 58160
58101 58092
58088 58074
58038 58005
57961 57958
57899 57892
57856 57789
57786 57776
57775 57737
57665 57627
57560 57541
57464 57430
57259 57199
57121 57120
56856 56833
56792 56773
56565 56549
56360 56349
56346 56299
56271 56176
56089 56068
56051 56005
55983 55964
55643 55599
55309 55307
55238 55206
55134 55130
54780 54756
54674 54661
54598 54478
54472 54469
54466 54446
54354 54346
54325 54290
53996 53945
53876 53870
53818 53783
53629 53622
53532 53501
53451 53449
53435 53396
53240 53232
53208 53194
53164 53126
53119 53093
52768 52759
52480 52456
52212 52197
52104 52092
52089 52065
52005 51972
51777 51753
51653 51652
51616 51595
51498 51451
51066 51021
51015 50962
50953 50941
50894 50891
50753 50749
50532 50505
50491 50478
50440 50415
50384 50364
50203 50195
50024 50018
50002 49966
49955 49915
49897 49885
49737 49726
49610 49607
49566 49540
49530 49496
49167 49164
49157 49154
49110 49104
48617 48591
48322 48254
48229 48225
48112 48105
48068 48020
47826 47818
47774 47729
47598 47564
47396 47344
47202 47180
46910 46865
46709 46655
46618 46610
46576 46574
46566 46564
46414 46353
46312 46279
45894 45883
45764 45762
45464 45448
45095 45093
45048 44999
44755 44743
44729 44708
44659 44636
44594 44572
44557 44549
44492 44482
44385 44367
44266 44256
44210 44206
44151 44136
44084 44004
43960 43959
43930 43916
43889 43871
43677 43654
43564 43535
43483 43457
43301 43269
43104 43089
43029 43025
42908 42884
42823 42780
42753 42747
42720 42702
42534 42519
42418 42416
42363 42326
42215 42172
42165 42160
42032 41976
41925 41879
41870 41864
41735 41726
41719 41712
41467 41451
41321 41294
41065 41064
41039 41002
40881 40825
40669 40657
40236 40215
40136 40122
39936 39928
39629 39573
39371 39370
39365 39330
39312 39311
39308 39306
39281 39250
39098 39060
39040 39026
38868 38846
38840 38839
38675 38670
38629 38609
38504 38465
38324 38311
38242 38193
38050 38010
37921 37796
37737 37706
37608 37604
37592 37515
37498 37497
37453 37412
37159 37103
37059 37055
37038 37008
36922 36917
36774 36756
36723 36722
36673 36663
36631 36603
36521 36509
36069 36040
36021 35999
35922 35894
35816 35787
35613 35586
35530 35523
35378 35356
35285 35281
35259 35257
35209 35193
34794 34782
34505 34497
34408 34368
34347 34329
34022 34000
33913 33909
33902 33891
33684 33679
33265 33239
33233 33208
33182 33170
33094 33070
33028 32955
32769 32727
32724 32720
32717 32651
32555 32455
32194 32184
32117 32055
32052 32028
31751 31746
31731 31698
31506 31460
31455 31372
31354 31352
31215 31211
31075 31073
30958 30938
30544 30530
30528 30503
30428 30425
30242 30211
29955 29931
29872 29849
29468 29428
29413 29393
29276 29259
29217 29199
29189 29166
28997 28978
28758 28756
28743 28719
28515 28435
28105 28096
27956 27851
27633 27631
27305 27291
27151 27141
27031 27018
26945 26922
26885 26839
26774 26754
26677 26661
26634 26597
26136 26117
25906 25894
25578 25571
25403 25383
25336 25321
25297 25294
25089 25045
24992 24962
24710 24649
24592 24583
24577 24570
24464 24432
24410 24398
24194 24191
23968 23881
23837 23826
23783 23777
23730 23704
23559 23544
23450 23446
23319 23294
22949 22844
22761 22713
22711 22685
22227 22223
21965 21960
21894 21885
21874 21847
21661 21595
21585 21574
21523 21511
21275 21270
21216 21186
21134 21125
21091 21071
21006 20971
20686 20685
20665 20658
20421 20418
20406 20404
20380 20321
20250 20237
20142 20133
20099 20045
19989 19988
19582 19541
19330 19327
19165 19153
19123 19119
19101 19064
18908 18876
18811 18769
18524 18501
18440 18425
18386 18363
18320 18292
18275 18233
18209 18201
18170 18169
18136 18132
17788 17768
17497 17494
17175 17145
17072 17022
16824 16820
16584 16568
16305 16301
16128 16097
15966 15939
15937 15932
15918 15871
15700 15669
15577 15557
14955 14907
14849 14834
14509 14495
14204 14201
14166 14162
14152 14130
14081 14072
13675 13670
13662 13635
13615 13604
13464 13413
13386 13379
13307 13274
13043 13026
13022 13006
12887 12824
12779 12730
12691 12689
12664 12620
12338 12309
12307 12286
12177 12147
12082 12033
12014 11908
11608 11599
11485 11419
11407 11397
11330 11327
11195 11143
11111 11079
11074 11038
10978 10973
10947 10910
10830 10805
10710 10702
10461 10425
10248 10238
10184 10130
10096 10038
9596 9582
9570 9554
9514 9467
9380 9379
9324 9261
9057 9044
8974 8952
8799 8752
8541 8505
8494 8468
8330 8284
8270 8269
8242 8230
8213 8197
7999 7996
7781 7780
7520 7515
7476 7447
7385 7337
7308 7294
7133 7131
7126 7079
6944 6887
6836 6796
6781 6768
6756 6710
6476 6475
6344 6332
6326 6245
6062 5956
5768 5750
5739 5710
5698 5660
5644 5637
5629 5610
5598 5581
5563 5560
5527 5510
5121 5104
4779 4768
4765 4753
4674 4600
4460 4448
4441 4440
4303 4189
4125 4103
4016 3885
3829 3815
3666 3572
3482 3470
3465 3457
3332 3322
3286 3278
3211 3184
2823 2818
2798 2768
2376 2356
2195 2186
2161 2154
2133 2105
1993 1936
1928 1886
1787 1771
1623 1618
1593 1559
1361 1317
1204 1200
1064 1058
822 800
794 785
777 728
722 718
706 689
162 116
39 26
78743 78741
78567 78521
78186 78114
72514 72506
71263 71251
70854 70783
68850 68834
68335 68333
68078 68047
67625 67624
64821 64791
60077 60048
59565 59550
58638 58611
58403 58290
55311 55283
52791 52692
50587 50394
47863 47848
43447 43441
42295 42282
42180 42142
36914 36907
34981 34953
32355 32354
31730 31672
29266 29234
29195 29182
28463 28454
28450 28430
27049 27028
26741 26736
23553 23531
20185 20168
19905 19829
19196 19172
18899 18833
16479 16429
15748 15737
13582 13576
13244 13077
11012 10987
10156 10068
8406 8375
6860 6850
6700 6699
3994 3970
3543 3540
3185 3120
2545 2487
364 352
38 79950
79940 79902
79643 79609
79293 79291
79216 79171
78866 78812
78697 78629
78535 78534
78317 78315
78110 78091
78075 78021
78019 77989
77923 77916
77815 77813
77807 77782
77563 77481
77477 77417
77262 77256
77234 77185
77019 76955
76859 76831
76800 76772
76596 76569
76455 76452
76427 76426
76112 76103
76090 76069
76043 76014
75751 75747
75663 75633
75568 75546
75478 75428
75200 75195
75137 75128
74499 74456
74267 74256
74105 74103
74092 74067
73733 73726
73511 73502
73376 73336
73174 73173
73114 73113
73032 73027
72964 72958
72861 72835
72675 72665
72315 72313
72282 72281
72230 72216
71709 71704
71611 71598
71587 71583
71481 71480
71103 71073
71061 71034
71031 70974
70826 70813
70599 70585
70537 70505
70182 70179
70168 70153
69884 69817
69805 69799
69791 69761
69373 69364
69187 69182
69093 69045
68550 68525
68509 68505
67892 67875
67864 67825
67803 67781
67658 67650
67638 67605
67314 67208
67161 67157
66747 66721
66658 66625
66489 66480
66478 66464
66457 66440
66222 66214
66077 66048
65991 65986
65870 65817
65804 65774
65722 65721
65530 65516
65449 65413
65385 65334
65223 65211
65068 65060
64670 64666
64429 64405
64286 64271
64191 64182
63680 63671
63642 63629
63588 63534
63348 63347
63027 63003
62997 62991
62793 62759
62745 62737
62190 62188
61957 61947
61915 61914
61545 61516
61489 61485
61271 61267
60924 60911
60866 60863
60854 60842
60837 60833
60813 60810
60800 60776
60737 60687
60685 60677
60586 60575
60502 60481
60461 60451
60377 60349
60289 60274
60242 60217
60216 60201
60182 60108
59970 59865
59785 59784
59445 59437
59350 59339
59260 59192
58945 58894
58855 58852
58821 58755
58400 58374
58251 58244
57874 57873
57415 57310
57300 57274
57057 57037
57010 56998
56997 56963
56764 56723
56615 56604
56462 56457
56456 56453
55376 55375
55292 55268
55002 55001
54993 54963
54623 54622
54284 54251
53763 53719
53600 53588
53288 53281
53268 53262
53052 53003
52856 52802
52744 52695
52682 52668
52606 52576
52564 52491
52440 52423
52063 52007
51881 51878
51855 51831
51304 51274
51265 51254
51215 51195
50773 50762
50696 50683
50074 50068
49848 49810
49773 49771
49624 49613
49383 49380
49307 49262
49238 49214
49194 49172
48953 48938
48789 48784
48781 48766
48635 48630
48529 48514
48434 48398
47547 47515
47458 47416
47337 47222
47052 46953
46946 46943
46339 46329
46276 46259
46145 46138
46072 46054
45974 45967
45876 45830
45821 45819
45814 45787
45727 45697
45312 45290
44998 44990
44965 44928
44812 44811
44479 44473
44287 44271
44235 44227
43897 43896
43868 43851
43756 43743
43628 43606
43434 43426
43399 43386
43383 43333
43259 43240
43168 43126
42937 42921
42663 42620
42547 42535
42410 42382
42069 42053
41645 41619
41513 41509
41403 41384
41381 41365
41104 41078
40630 40534
40530 40481
40466 40416
40316 40300
40104 40103
39869 39868
39843 39791
39698 39685
39464 39444
39420 39407
39248 39244
39019 38927
38820 38810
38799 38766
38706 38686
38586 38568
38563 38551
38508 38507
38416 38377
38369 38366
38100 38056
37926 37922
37654 37632
37618 37609
37409 37362
36949 36947
36646 36643
36495 36472
36396 36354
36330 36326
36212 36200
35958 35948
35730 35724
35701 35692
35670 35662
35655 35639
35435 35424
35348 35325
35277 35263
35158 35157
35064 35059
34912 34909
34473 34469
34290 34280
34046 34042
33826 33807
33618 33578
33516 33508
32932 32922
32872 32798
32582 32576
32127 32125
32007 32003
31873 31856
31832 31822
31780 31768
31343 31338
31315 31276
31249 31229
30988 30980
30934 30916
30901 30870
30623 30619
30498 30466
30417 30413
30383 30362
30323 30309
30004 29971
29840 29819
29572 29563
29540 29469
29384 29379
29376 29355
28977 28904
28573 28563
28531 28521
28369 28363
28282 28242
28092 28088
28038 28027
27716 27701
27577 27526
27408 27368
27237 27236
27227 27218
27184 27156
27129 27125
27109 27084
26903 26898
26783 26775
26575 26571
26495 26482
26442 26421
26410 26343
26301 26280
26182 26159
26113 26081
26002 25985
25938 25933
25883 25872
25783 25751
25734 25717
25622 25591
25544 25536
25481 25419
25182 25170
25157 25147
24543 24532
24368 24357
24106 24079
23972 23969
23857 23856
23474 23456
23326 23321
23271 23210
23202 23116
22813 22808
22542 22463
22436 22428
22407 22381
22356 22354
22204 22184
21956 21946
21551 21540
21414 21396
21169 21165
21115 21114
21063 21012
20774 20699
20614 20613
20606 20605
20176 20152
20117 20111
19958 19955
19880 19837
19706 19641
19606 19596
19448 19423
19417 19411
19374 19363
19326 19319
19307 19258
19013 18980
18866 18855
18756 18690
18352 18327
18197 18193
18161 18153
18125 18078
17806 17804
17672 17603
17557 17517
17273 17272
17131 17077
16999 16987
16725 16653
16639 16605
16488 16487
16462 16437
16434 16415
16408 16376
16370 16362
16186 16179
16139 16130
16068 16025
16010 16005
15769 15716
15630 15618
15350 15341
14982 14979
14905 14896
14763 14737
14724 14717
14712 14626
14595 14568
14395 14393
14233 14225
14221 14215
14063 14057
13549 13537
12722 12711
12467 12440
12402 12376
12236 12213
12107 12084
11882 11843
11713 11706
11389 11342
10637 10590
10359 10311
10297 10267
9944 9932
9925 9907
9633 9613
9211 9188
9042 9001
8353 8350
8139 8095
8082 8079
7742 7693
7269 7255
7033 6969
6884 6847
6702 6701
6655 6639
6576 6525
6456 6454
6189 6171
6127 6103
6089 6067
5500 5458
5449 5446
5345 5341
5242 5198
5179 5171
5170 5168
5030 5011
5006 4989
4955 4951
4702 4699
4553 4542
4434 4412
4071 4043
3768 3760
3737 3678
3549 3545
3424 3374
3366 3348
3320 3306
2916 2915
2584 2429
2421 2381
2333 2318
2295 2207
2074 2067
1805 1794
1757 1732
1550 1536
1498 1448
1424 1391
1386 1362
1221 1207
983 982
943 924
651 634
598 590
586 568
397 303
2 79985
79949 79934
79929 79895
79880 79834
79700 79692
79597 79595
78950 78947
78928 78882
78731 78717
78691 78614
78455 78440
78398 78395
78389 78368
77971 77951
77894 77889
77882 77856
77718 77690
77461 77451
77327 77324
77105 77095
76871 76784
76574 76567
76514 76501
76091 76058
75931 75924
75805 75741
75413 75409
75373 75368
75364 75339
75331 75289
75004 74986
74580 74577
74570 74544
74541 74527
74420 74416
74197 74170
74046 74027
73956 73932
73905 73887
73770 73718
73437 73421
73164 73158
72944 72941
72935 72924
72922 72917
72805 72785
72686 72660
72508 72498
72194 72174
72068 72050
72046 72031
71876 71873
71854 71844
71802 71792
71710 71685
71569 71559
71208 71205
71075 71052
70863 70822
70355 70327
70242 70203
69931 69909
69825 69820
69804 69800
69796 69770
69638 69611
69583 69548
69533 69519
69469 69425
69305 69288
69086 69040
68853 68835
68822 68777
68623 68616
68054 68048
67392 67328
67132 67081
67038 67024
67018 67016
66975 66908
66850 66837
66643 66573
66406 66395
66261 66252
66009 65924
65917 65855
65758 65733
65708 65648
65430 65427
65401 65381
65244 65236
65157 65137
64743 64741
64453 64446
64251 64237
64127 64076
63364 63352
63181 63168
62993 62976
62960 62919
62781 62770
62610 62589
62174 62143
62073 62059
61824 61812
61792 61787
61493 61492
61453 61439
61038 61026
60688 60674
59650 59643
59367 59366
59328 59323
59244 59238
59198 59168
59131 59116
59045 59021
58961 58951
58788 58772
58744 58743
58736 58693
58484 58472
58432 58410
58364 58363
58356 58339
58314 58294
58041 58002
57900 57896
57749 57745
57698 57682
57674 57664
57640 57635
57456 57450
57445 57431
57205 57202
56572 56553
56470 56448
56397 56392
56386 56369
56174 56171
56001 55976
55913 55903
55481 55478
55428 55419
55258 55220
55022 55005
54665 54612
54218 54203
54138 54112
53555 53524
53473 53459
53453 53430
53337 53314
53184 53174
53063 53058
52804 52785
52765 52709
52680 52676
52472 52466
52432 52373
52358 52348
52052 52050
51686 51672
51602 51597
51435 51432
51421 51402
51018 51010
50790 50745
50602 50598
50594 50582
50485 50474
50238 50215
49822 49813
49772 49759
49391 49388
49191 49161
49114 49100
49054 49015
48919 48894
48653 48611
48528 48501
48172 48160
48142 48141
48033 47977
47901 47891
47633 47610
47593 47583
47383 47373
47305 47302
47276 47207
47077 47076
47042 47032
46797 46782
46730 46727
46648 46643
46572 46490
46402 46379
46255 46223
45948 45938
45924 45913
45116 45109
45013 44968
44623 44597
44521 44494
44352 44338
44023 44002
43836 43822
43733 43667
43491 43471
43391 43389
42709 42691
42645 42533
42334 42330
42036 42013
41721 41713
41266 41244
41212 41200
41195 41129
41091 41090
41027 41024
40726 40714
40604 40599
40450 40412
40260 40257
40043 40040
39911 39898
39659 39639
39476 39457
39453 39430
38795 38783
38310 38304
38058 38041
37831 37828
37726 37725
37719 37717
37693 37657
37220 37218
37217 37203
37175 37171
37042 37011
36963 36920
36874 36871
36821 36799
36797 36794
36300 36295
36284 36266
36073 36059
35856 35853
35761 35744
35714 35702
35570 35545
35061 35036
34926 34900
34084 34006
33877 33875
33848 33793
33792 33790
33246 33238
33066 33057
32960 32957
32834 32816
32640 32627
32536 32524
32488 32479
32425 32410
32367 32363
32156 32126
31945 31925
31437 31421
31192 31188
31162 31161
31134 31129
31125 31121
30975 30914
30891 30885
30883 30874
30698 30683
30682 30604
30531 30525
30459 30430
30414 30359
30136 30092
29714 29711
29626 29621
29529 29521
29181 29151
29038 28935
28926 28924
28905 28903
28708 28691
27861 27858
27815 27804
27615 27611
27559 27550
27546 27523
27457 27430
27404 27402
27169 27124
26984 26977
26919 26918
26889 26857
26845 26828
26821 26815
26660 26659
26656 26653
26648 26611
26563 26546
26427 26416
25912 25881
25878 25857
25713 25701
25499 25475
25235 25224
24927 24910
24424 24420
24316 24315
24251 24250
23733 23723
23695 23694
23669 23666
23063 23054
22773 22756
22684 22669
22638 22637
22601 22498
22400 22396
22393 22379
22352 22273
22171 22151
22144 22143
22102 22080
21600 21529
21451 21446
21354 21347
21058 21027
20851 20820
20662 20659
19842 19840
19695 19674
19607 19604
19597 19585
19358 19318
19272 19267
19157 19150
18821 18781
18673 18655
18567 18527
18510 18495
18427 18424
18361 18317
17391 17347
17102 17095
16870 16850
16826 16818
16390 16361
16319 16317
16273 16196
15924 15880
15802 15795
15739 15718
15548 15545
15359 15342
15203 15171
15079 15069
15006 14953
14917 14881
14750 14668
14667 14658
14405 14337
14147 14135
14088 14048
13771 13742
13587 13573
13152 13144
13106 13105
13102 13093
13087 13064
12809 12806
12737 12732
12273 12268
12152 12146
12142 12120
12072 12068
11975 11969
11653 11602
11520 11508
11213 11208
11182 11168
10974 10932
10739 10738
10724 10718
10690 10594
10555 10535
9308 9306
9284 9276
9118 9108
8919 8906
8636 8635
8631 8625
8545 8532
8116 8115
7456 7372
7153 7129
7108 7104
6980 6965
6737 6736
6331 6318
6142 6140
5851 5849
5820 5811
5762 5730
5593 5585
5561 5515
5434 5430
5290 5283
5162 5135
4996 4980
4961 4952
4750 4717
4671 4658
4256 4254
4246 4245
4243 4242
3814 3798
3756 3695
3373 3350
2959 2948
2759 2707
2667 2621
2613 2612
2516 2508
2280 2267
1777 1776
1772 1754
1752 1703
1098 1096
1076 1061
1043 1030
1028 1023
828 780
482 458
423 405
377 356
216 200
111 63
77047 77015
74349 74301
73175 72999
63344 63211
57395 57373
56749 56685
49747 49740
48675 48620
45245 45237
42249 42209
39504 39277
36172 36117
32299 32280
32248 32207
30404 30119
28780 28730
21598 21504
16985 16962
12058 11995
8265 8220
79823 79794
79764 79744
79563 79542
79140 79105
78970 78916
77901 77879
77409 77341
76667 76666
76393 76374
76361 76327
76220 76212
75712 75700
75083 74981
74906 74877
74507 74500
74217 74184
74130 74128
73996 73989
73717 73710
73021 73011
72951 72907
72894 72867
72771 72741
71872 71853
70500 70485
70148 70118
69923 69919
69760 69749
69732 69731
68975 68952
68636 68613
68330 68270
68187 68176
68026 67992
67598 67595
67512 67458
67445 67418
67394 67333
66664 66661
65273 65252
64925 64897
64496 64475
64364 64334
63198 63179
62650 62636
62171 62170
61973 61966
61468 61412
59842 59834
59178 59177
58509 58433
58186 58185
57525 57512
57174 57129
57034 57013
56634 56628
55927 55925
55679 55671
55421 55402
55179 55165
54380 54365
54195 54139
54137 54076
54069 54009
52325 52311
52289 52254
51803 51785
51247 51243
50589 50579
50308 50306
50046 50032
49689 49646
49449 49395
48911 48908
48703 48700
48569 48539
48017 47998
47722 47708
46752 46712
46558 46477
46251 46224
46173 46158
45408 45380
44894 44862
44665 44661
44401 44391
43844 43839
43736 43734
43708 43682
42875 42863
42463 42437
42310 42305
41858 41840
41702 41686
41665 41655
41253 41249
40946 40907
40892 40885
40757 40703
40400 40346
40194 40152
40101 40098
40096 40066
40049 40034
39979 39975
39219 39211
39121 39113
38887 38884
38451 38430
38287 38259
37317 37242
36904 36803
36268 36265
35982 35965
35878 35871
35766 35750
35049 35047
34854 34852
34730 34690
34189 34135
33696 33689
33639 33623
33131 33103
32903 32898
32890 32878
32644 32636
32373 32332
32330 32295
32282 32276
31921 31892
31622 31611
30769 30766
30705 30700
30085 30053
30030 30006
29675 29648
28340 28328
28226 28219
28201 28124
27608 27586
27506 27503
27341 27326
25714 25709
25123 25121
24559 24546
24166 24158
24044 24001
23990 23982
23664 23654
23390 23376
22987 22962
21381 21319
20948 20932
20551 20549
20004 19994
19917 19900
19050 19020
17936 17885
17880 17875
17766 17750
17301 17293
17262 17240
16819 16800
16256 16238
16234 16225
15847 15836
15319 15317
15057 14993
14966 14965
14477 14472
14419 14414
14372 14345
14128 14100
14001 13978
13920 13844
13727 13712
13196 13158
13114 13067
11804 11730
11663 11643
11316 11256
10866 10849
10779 10742
10517 10493
9815 9811
9414 9400
9339 9334
9186 9097
8917 8846
7926 7885
7860 7852
7829 7787
7580 7554
7330 7324
7075 7042
6690 6673
6632 6612
5947 5853
5431 5429
5409 5390
5321 5315
5189 5185
4942 4929
4409 4404
4354 4347
2316 2305
1278 1276
1049 1036
918 882
666 654
547 537
298 284
279 221
79883 79881
79809 79800
79754 79748
79525 79519
79518 79473
79456 79448
79348 79330
79220 79214
78972 78956
78871 78818
78607 78596
78438 78434
78272 78221
78105 78090
78065 77992
77811 77806
77762 77731
77683 77642
77620 77547
77542 77478
77394 77370
77318 77298
77260 77250
77236 77221
77086 77013
77009 76997
76562 76560
76491 76480
76447 76429
76425 76421
76377 76367
76334 76323
76299 76281
76232 76164
75962 75954
75849 75820
75699 75691
75599 75592
75495 75476
75462 75461
75460 75459
75280 75255
75228 75119
74950 74940
74923 74921
74915 74862
74831 74815
74805 74801
74506 74467
74451 74442
74228 74219
74154 74149
74003 73998
73713 73684
73606 73595
73536 73512
73379 73303
73291 73285
73249 73230
73122 73112
73067 73030
72990 72977
72911 72883
72764 72747
72734 72709
72633 72630
72521 72518
72387 72376
71980 71978
71964 71948
71945 71942
71866 71865
71663 71655
71635 71634
71624 71622
71618 71594
71516 71511
71454 71441
71415 71394
71362 71341
71314 71302
71236 71235
71189 71184
71118 71114
71096 71080
70898 70864
70794 70772
70710 70658
70536 70499
70434 70421
70313 70296
70276 70264
70257 70253
70166 70137
69942 69937
69648 69646
69377 69349
69231 69188
69172 69160
68989 68979
68914 68911
68743 68742
68720 68641
68587 68572
68401 68398
68218 68205
68122 68119
67922 67920
67893 67874
67865 67834
67827 67816
67758 67736
67695 67644
67635 67631
67442 67406
67164 67139
67045 67044
66907 66894
66889 66886
66833 66828
66715 66714
66428 66427
66381 66362
66245 66243
66210 66187
66181 66133
65798 65785
65730 65717
65636 65622
65598 65554
65352 65347
65316 65275
64974 64956
64931 64923
64917 64891
64890 64862
64767 64765
64733 64654
64574 64572
64442 64434
64312 64285
64234 64231
64171 64170
63991 63939
63835 63789
63653 63611
63451 63426
63386 63365
63215 63214
63203 63199
63159 63155
63079 63075
62911 62899
62868 62823
62476 62469
62460 62446
62399 62393
62367 62362
62301 62277
62234 62228
62130 62108
62089 62078
62042 62012
61913 61869
61834 61826
61663 61610
61607 61598
61272 61262
61253 61186
61122 61098
60913 60843
60757 60745
60666 60665
60633 60628
60487 60453
60404 60390
60333 60327
60322 60308
60283 60261
60195 60166
60020 60006
59868 59850
59624 59584
59490 59480
59450 59417
59390 59378
59358 59353
59347 59344
59304 59261
59234 59229
59166 59153
59076 59054
58981 58978
58771 58758
58667 58647
58606 58601
58594 58590
58558 58526
58515 58497
58460 58435
58389 58377
58256 58250
58159 58155
57993 57978
57969 57964
57893 57881
57814 57807
57793 57752
57628 57619
57587 57549
57522 57495
57396 57309
57182 57180
57063 57041
56988 56962
56819 56818
56796 56767
56751 56722
56703 56680
56629 56627
56268 56267
56242 56230
56076 56045
55890 55884
55802 55799
55795 55790
55582 55578
55494 55490
55476 55461
55310 55299
55210 55183
55131 55124
55049 55034
54820 54775
54547 54545
54407 54382
54371 54353
54280 54274
53950 53944
53918 53877
53481 53476
53273 53272
53114 53071
52980 52977
52960 52936
52832 52807
52651 52643
52639 52584
52513 52508
52297 52250
52234 52147
52120 52118
52100 52099
52090 52086
52040 52018
51879 51859
51829 51820
51302 51298
51269 51266
51108 51084
50857 50846
50820 50795
50738 50735
50704 50662
50642 50637
50554 50552
50402 50392
50385 50365
50207 50179
50171 50165
50151 50143
50019 50012
49991 49951
49937 49932
49926 49879
49875 49856
49594 49531
49520 49498
49351 49345
49155 49133
48950 48947
48891 48885
48860 48852
48832 48794
48768 48764
48705 48682
48446 48381
48286 48281
48256 48244
48096 48081
48065 48053
47928 47913
47723 47717
47441 47423
47364 47353
47330 47325
47134 47133
47088 47079
47056 47046
47019 47010
46885 46880
46842 46801
46626 46583
46161 46157
46092 46090
45930 45926
45661 45634
45384 45349
45193 45158
45131 45118
45029 45022
44916 44901
44787 44760
44732 44721
44707 44696
44646 44633
44406 44359
44288 44236
44149 44097
43799 43788
43546 43545
43536 43520
43462 43461
43445 43409
43388 43377
43115 43077
42979 42965
42872 42845
42530 42501
42488 42475
42112 42087
41989 41987
41948 41941
41824 41806
41691 41684
41616 41587
41481 41439
41436 41420
41098 41093
41050 41045
41043 41040
41020 41019
40987 40968
40965 40934
40834 40812
40664 40635
40562 40557
40551 40541
40502 40480
40468 40467
40235 40227
40217 40212
40088 40078
40075 40065
39939 39931
39832 39775
39563 39551
39355 39343
39077 39021
39008 39005
38919 38908
38842 38830
38561 38511
38482 38444
38359 38323
38320 38312
38257 38246
38238 38216
38150 38137
37994 37970
37754 37751
37748 37739
37558 37513
37511 37477
37427 37408
37387 37370
37338 37325
37152 37138
37010 37009
36780 36720
36640 36634
36572 36561
36486 36462
36392 36375
36197 36166
36022 35993
35727 35721
35696 35689
35657 35638
35584 35583
35534 35517
35479 35448
35323 35284
35026 35022
34976 34975
34826 34821
34676 34662
34554 34551
34393 34392
34353 34337
34287 34272
34134 34085
33775 33750
33687 33666
33664 33621
33620 33616
33524 33511
33340 33329
33284 33279
33217 33201
33152 33088
32949 32923
32858 32852
32478 32444
32353 32329
32313 32296
31890 31889
31821 31774
31570 31543
31485 31443
31060 30993
30806 30759
30524 30514
30506 30497
30352 30345
30231 30221
29833 29829
29779 29749
29418 29417
29342 29335
29318 29291
29265 29230
29224 29210
29191 29186
29143 29133
29048 29044
28933 28929
28840 28808
28794 28791
28779 28770
28670 28655
28497 28485
28471 28413
28401 28384
28368 28365
28332 28318
28268 28250
28244 28209
28199 28198
28194 28162
27915 27862
27496 27472
27426 27422
27400 27376
27280 27268
27259 27252
27242 27224
26786 26740
26706 26664
26535 26532
26457 26445
26376 26345
26103 26074
26046 26035
25960 25915
25745 25741
25615 25556
25535 25504
25030 25006
25005 24971
24674 24652
24268 24253
24178 24159
24144 24120
23949 23918
23891 23883
23850 23810
23515 23476
23453 23428
23213 23207
23109 23105
23084 23069
23051 23044
22792 22781
22746 22734
22660 22654
22477 22471
22461 22424
22208 22178
22113 22104
21877 21873
21769 21748
21718 21665
21508 21452
21233 21220
21085 21081
21080 21064
20911 20871
20751 20746
20720 20715
20707 20703
20644 20587
20360 20357
20186 20158
20151 20006
20003 20000
19642 19637
19620 19611
19383 19372
19264 19243
19232 19207
19197 19180
19132 19129
19128 19108
18914 18904
18762 18725
18718 18697
18645 18592
18577 18568
18484 18471
18444 18430
18313 18308
18301 18297
18287 18282
18113 18065
17967 17942
17910 17907
17825 17805
17731 17716
17665 17578
17330 17177
17173 17149
17042 17027
17009 17001
16804 16793
16777 16769
16604 16578
16537 16493
16327 16325
16188 16155
16148 16136
16104 16090
16052 16034
15705 15617
15612 15604
15305 15298
15092 15083
14814 14801
14760 14755
14652 14650
14440 14411
14269 14262
14247 14227
14115 14105
14035 14032
14025 14024
13736 13710
13572 13561
13546 13524
13452 13439
13428 13422
13394 13368
13044 13030
12784 12772
12753 12747
12679 12671
12552 12497
12407 12400
12397 12379
12250 12229
11945 11940
11862 11848
11807 11769
11575 11556
11553 11542
11498 11495
11493 11448
11312 11266
11158 11128
11083 11071
10821 10785
10782 10747
10367 10358
10216 10189
10065 10027
9994 9971
9890 9865
9674 9650
9404 9374
9317 9314
9245 9241
9098 9067
8929 8922
8897 8869
8859 8810
8685 8639
8487 8453
8440 8438
8110 8105
7872 7868
7805 7786
7728 7714
7703 7631
7247 7245
6938 6915
6908 6891
6733 6721
6651 6638
6577 6557
6448 6425
6424 6378
6350 6340
6276 6208
6116 6096
6076 6039
5968 5916
5653 5651
5222 5203
5057 5054
4944 4936
4865 4851
4786 4773
4678 4677
4641 4584
4526 4523
4489 4428
4240 4209
4124 4112
3947 3944
3631 3622
3487 3477
3414 3404
3295 3275
3144 3138
3073 3062
3009 2974
2867 2852
2693 2674
2494 2491
2259 2218
2026 2020
1862 1850
1834 1829
1812 1797
1675 1666
1649 1640
1633 1626
1607 1597
1372 1338
1120 1100
948 936
578 566
560 542
275 259
14 11
78079 78078
73474 73408
17602 17543
79425 79423
78224 78179
76730 76726
75213 75203
73858 73828
73696 73691
70923 70910
69571 69539
68932 68920
68609 68608
67549 67518
65191 65181
63905 63865
63345 63337
60273 60272
58624 58610
57489 57485
56483 56479
56163 56142
56117 56099
55907 55904
54429 54428
53708 53701
52338 52328
51444 51418
50785 50779
48211 48183
47992 47983
47812 47779
45226 45213
39667 39656
39226 39222
37184 37166
36467 36455
36305 36283
36173 36162
34666 34602
34102 34081
31996 31995
31208 31118
31065 31064
30731 30723
30691 30670
28892 28849
26836 26823
26047 26040
25849 25795
25524 25493
24764 24763
23441 23393
22035 22024
21982 21973
21928 21915
20545 20498
19834 19771
19361 19356
19149 19141
17372 17345
15278 15254
14334 14292
12586 12528
12115 12114
11551 11550
10556 10547
10116 10102
9765 9761
7684 7680
7651 7639
6490 6478
6373 6347
4878 4784
4497 4495
3259 3257
2060 2006
100 77
79760 79755
79607 79606
79438 79394
79310 79274
79195 79173
79135 79134
79127 79040
78753 78732
78548 78497
78406 78404
78358 78341
78325 78324
78195 78183
78181 78153
78086 78074
77927 77925
77846 77824
77442 77418
77276 77274
77204 77188
76961 76941
76783 76764
76681 76640
76552 76527
76524 76518
75947 75938
75902 75861
75819 75815
75690 75680
75624 75608
75562 75552
75456 75432
75400 75378
75041 75035
75031 75010
74705 74678
74676 74628
74437 74424
74414 74400
74371 74285
74135 74102
73883 73868
73803 73778
73679 73675
73661 73659
73657 73654
73640 73634
73506 73495
73415 73414
72701 72700
72622 72561
72481 72391
72343 72275
72267 72263
72232 72199
71785 71780
71732 71727
71492 71467
71256 71246
70990 70954
70948 70945
70901 70899
70652 70612
70566 70554
70394 70362
70189 70173
70019 70011
69985 69979
69958 69955
69865 69861
69608 69605
69511 69507
69502 69492
69486 69478
69336 69326
69284 69255
69149 69129
68907 68903
68765 68755
68371 68338
68201 68177
68095 68061
68009 67998
67982 67970
67713 67696
67535 67513
67469 67467
67326 67321
67308 67265
67201 67199
67070 67060
66743 66720
66711 66646
66543 66520
66334 66300
66099 66090
66038 66023
65820 65809
65535 65529
65512 65485
65455 65441
65370 65354
65217 65214
65094 65008
64857 64793
64650 64609
64555 64487
64229 64196
64065 63994
63923 63888
63871 63852
63767 63731
63513 63469
63058 63057
62543 62532
62424 62414
62387 62385
62328 62302
62247 62242
61984 61977
61961 61933
61702 61668
61407 61383
61379 61365
61184 61171
61043 61040
61011 60918
60830 60827
60798 60794
60742 60715
60591 60546
60443 60422
60389 60380
60299 60290
60244 60223
60159 60131
60103 60091
60046 60021
59995 59988
59915 59873
59820 59817
59793 59716
59514 59505
58938 58919
58910 58856
58820 58795
58614 58609
58243 58216
58198 58193
58043 58042
57947 57934
57924 57922
57842 57833
57722 57703
57606 57605
57162 57151
57116 57089
56436 56428
56366 56339
56219 56213
56107 56078
55883 55868
55851 55842
55705 55647
55417 55406
55404 55383
55369 55366
55337 55313
54923 54914
54877 54862
54774 54759
54714 54668
54567 54554
54530 54494
54176 54140
54059 54052
53932 53926
53850 53847
53759 53729
53721 53682
53652 53587
53401 53381
53173 53168
53128 53120
53038 53021
52674 52667
52575 52565
52559 52520
52336 52326
52315 52303
51614 51608
51323 51319
51253 51251
51147 51126
51048 51020
51003 50970
50968 50964
50909 50882
50466 50403
50390 50386
50294 50253
50129 50109
50103 50089
50088 50057
50011 49999
49812 49798
49691 49690
49658 49618
49602 49599
49428 49426
49367 49363
49284 49240
49093 49083
48566 48536
48332 48318
48132 48110
48040 48035
47939 47936
47876 47865
47176 47165
46989 46979
46935 46921
46905 46896
46864 46861
46475 46452
46331 46326
46264 46263
46085 46042
46016 46014
45793 45792
45565 45539
45491 45451
45423 45391
45321 45288
45278 45264
45244 45241
44945 44939
44899 44888
44744 44738
44687 44678
44324 44310
44218 44179
43902 43856
43659 43640
43635 43560
43351 43348
43342 43329
43321 43316
43302 43280
43266 43223
43221 43212
43195 43190
43173 43121
43063 43039
42955 42935
42927 42890
42809 42772
42464 42456
42323 42257
42255 42245
42217 42155
41983 41966
41937 41935
41888 41873
41857 41838
41761 41738
41674 41670
41401 41378
41325 41322
41117 41115
40879 40875
40864 40860
40687 40685
40579 40571
40539 40524
40507 40503
40473 40469
40283 40263
40023 39987
39890 39884
39873 39855
39773 39680
39589 39571
39533 39507
39426 39388
39329 39324
39296 39256
39228 39146
39001 38992
38975 38967
38900 38895
38878 38856
38773 38732
38710 38702
38501 38498
38200 38177
38170 38161
38027 38011
37967 37953
37951 37910
37876 37865
37825 37820
37795 37767
37653 37622
37602 37586
37582 37563
37319 37310
37274 37248
37165 37160
37080 37073
37006 37000
36709 36657
36588 36586
36445 36424
36241 36222
36107 36100
35823 35817
35742 35734
35596 35592
35278 35273
34960 34957
34947 34940
34844 34833
34766 34745
34732 34696
34547 34537
34480 34443
34181 34176
33706 33701
33610 33561
33551 33529
33462 33448
33433 33371
33015 32989
32701 32690
32679 32646
32240 32238
32011 31999
31991 31958
31853 31835
31762 31711
31700 31689
31300 31298
31268 31243
31209 31193
31149 31145
31076 31068
30597 30571
30548 30547
30342 30340
30179 30174
30057 30007
29983 29956
29938 29936
29891 29868
29858 29837
29710 29649
29510 29487
29483 29473
29374 29368
29351 29350
29083 29081
28856 28848
28766 28764
28359 28336
28308 28273
28138 28110
28090 28065
27971 27968
27743 27671
27112 27106
26972 26923
26603 26593
26502 26471
26249 26213
26172 26128
26030 26005
25830 25825
25555 25552
25468 25441
25395 25380
25356 25282
25216 25174
24804 24790
24707 24690
24688 24682
24036 23984
23964 23951
23859 23852
23776 23756
23648 23605
23377 23323
23236 23216
23195 23188
23175 23144
23143 23111
23041 22992
22848 22832
22044 22043
21980 21910
21797 21786
21723 21720
21662 21634
21631 21630
21622 21609
21524 21510
21399 21397
21300 21287
21217 21197
21178 21151
21118 21103
20989 20912
20576 20526
20506 20446
20391 20368
20329 20221
19920 19850
19788 19785
19782 19750
19550 19534
19522 19513
19021 18944
18892 18889
18766 18765
18234 18119
17801 17751
17707 17697
17550 17533
17416 17412
17138 17106
16996 16988
16986 16954
16908 16899
16659 16626
16444 16430
16422 16391
16080 16066
16029 15985
15970 15946
15861 15860
15387 15386
15257 15230
15158 15154
14921 14920
14833 14819
14762 14761
14553 14452
14203 14193
14175 14151
14019 13910
13874 13865
13810 13776
13677 13596
13502 13487
13235 13229
13214 13186
13015 13005
12976 12972
12930 12860
12852 12836
12663 12630
12598 12571
12486 12474
12193 12190
12086 12081
12025 12009
11926 11917
11719 11670
11318 11314
11014 10998
10707 10704
10583 10580
10522 10516
10458 10451
10354 10325
10270 10241
10141 10134
10125 10104
10090 10079
9919 9903
9625 9594
8960 8950
8563 8555
8333 8254
7913 7892
7884 7875
7854 7836
7609 7591
7516 7468
7370 7363
7297 7282
7241 7167
7076 7008
7003 6987
6822 6791
6709 6667
6523 6508
6498 6474
6139 6137
5713 5661
5602 5599
5495 5448
5300 5295
5277 5271
4567 4562
4424 4397
4335 4267
4186 4128
4075 4013
3915 3894
3891 3818
3779 3762
3689 3654
3389 3375
3273 3222
3197 3177
3115 3089
2906 2894
2890 2885
2482 2477
2460 2458
2408 2350
2336 2300
2264 2261
2052 2047
2017 2002
1956 1950
1702 1687
1575 1537
1449 1439
1272 1250
1084 1078
1000 981
934 927
920 903
759 686
658 617
539 534
522 508
400 394
326 290
195 145
61 47
79990 79975
79931 79906
78815 78794
78746 78710
78413 78397
78054 78052
77895 77864
77696 77680
77308 77299
77226 77192
77108 77103
76926 76852
76851 76814
76786 76771
76630 76628
76611 76604
76576 76570
76512 76510
76397 76384
76166 76089
75658 75645
75349 75290
75282 75266
75126 75110
75057 75051
74922 74911
74865 74835
74741 74722
74428 74412
74384 74382
74350 74341
74096 74086
74026 73987
73338 73312
72982 72946
72723 72718
72570 72564
72433 72429
72333 72329
72247 72243
71875 71841
71712 71674
71627 71584
71379 71328
71301 71289
71005 70975
70836 70824
70776 70775
70766 70742
70663 70653
70457 70445
70369 70365
70187 70186
70008 69949
69924 69867
69654 69612
69545 69460
69426 69415
69329 69308
69145 69127
68890 68889
68814 68730
68563 68548
68527 68469
68186 68183
68028 68011
67991 67965
67902 67826
67820 67788
67786 67776
67548 67545
67521 67501
67300 67250
67179 67148
66990 66971
66969 66959
66945 66915
66542 66514
66294 66269
66251 66208
66122 66106
66105 66104
66098 66089
66040 65998
65587 65550
65495 65493
65480 65444
65310 65300
65228 65182
65048 65042
65029 65018
64785 64750
64680 64677
64401 64395
64266 64265
63986 63980
63929 63922
63698 63684
63526 63524
63305 63302
63029 63024
62873 62855
62832 62813
62403 62396
62013 62010
61926 61918
61883 61829
61774 61772
61747 61744
61719 61700
61672 61660
61646 61644
61585 61572
61292 61291
60812 60784
60763 60748
60740 60711
60654 60649
60612 60581
60514 60508
60188 60151
60092 60075
59989 59968
59656 59655
59384 59363
59361 59356
59273 59224
59090 59088
58952 58950
58352 58345
58301 58291
57891 57818
57739 57709
57283 57220
57208 57181
57165 57163
56835 56831
56806 56797
56731 56727
56279 56264
56110 56095
56087 56079
55988 55968
55924 55918
55076 55070
54708 54694
54531 54525
54026 54020
53894 53867
53733 53702
53447 53433
53347 53340
53296 53294
53277 53266
53143 53141
53034 53013
52970 52961
52822 52808
52684 52645
52383 52364
52284 52268
52022 51985
51899 51894
51893 51875
51747 51745
51348 51341
51330 51325
51286 51246
50939 50938
50353 50340
49814 49789
49778 49766
49683 49672
49275 49250
49188 49187
49149 49131
49105 49090
48587 48572
48550 48549
48360 48335
48334 48333
47962 47948
47756 47755
47453 47446
47422 47402
47386 47350
47020 47017
46987 46965
46937 46914
46795 46753
46538 46526
46461 46453
46095 46078
46000 45882
45715 45685
45610 45566
45524 45494
45403 45357
45319 45310
45238 45228
45201 45152
45085 45071
45063 45043
44994 44987
44962 44943
44852 44833
44818 44792
44776 44741
44101 44091
44009 44000
43879 43870
43792 43775
43600 43595
43567 43548
43305 43258
42832 42831
42559 42552
42532 42514
42502 42491
42214 42195
41903 41872
41830 41798
41705 41677
41651 41648
41406 41396
41178 41142
41118 41074
40681 40612
40293 40288
40167 40159
40126 40081
39978 39957
39877 39850
39771 39745
39646 39625
39552 39511
39450 39445
39441 39425
39423 39411
39402 39399
39341 39331
39169 39168
38596 38487
38329 38326
38315 38302
38285 38248
38229 38228
38102 38093
37614 37606
37536 37525
37316 37290
37260 37250
37097 37094
37066 37058
37048 37022
36996 36923
36846 36843
36760 36755
36342 36314
36278 36258
36165 36156
36138 36110
35537 35532
35454 35428
35117 35115
34771 34758
34641 34618
34442 34428
34248 34242
34044 34037
33830 33772
33588 33567
33506 33501
33302 33290
33237 33210
33158 33145
33107 33082
33002 32988
32843 32803
32678 32672
32544 32447
32337 32318
32165 32150
32072 32059
32032 32024
31450 31440
31356 31327
31242 31213
31210 31206
31191 31185
31163 31159
31095 31067
31037 31021
30584 30574
30377 30365
30277 30243
30195 30164
30044 30041
30012 29979
29895 29892
29813 29790
29788 29765
29691 29688
29538 29537
29164 29162
28981 28968
28760 28757
28710 28681
28505 28499
28310 28297
28284 28280
28213 28212
28132 28113
28060 27957
27951 27936
27921 27916
27914 27902
27830 27825
27789 27784
27200 27185
27090 27081
26855 26849
26822 26807
26202 26192
26124 26095
26085 26068
26050 26000
25866 25853
25804 25793
25791 25790
25712 25711
25678 25663
25642 25621
25455 25446
25269 25242
25056 25036
24938 24914
24906 24864
24811 24792
24722 24713
24392 24359
24183 24164
24162 24154
24033 24028
23965 23926
23676 23662
23576 23565
23255 23206
23190 23184
23132 23126
23009 23003
22978 22922
22784 22729
22558 22496
22490 22447
22365 22355
22344 22310
22299 22297
22048 22010
21987 21934
21930 21923
21369 21335
20810 20766
20203 20177
19964 19947
19819 19814
19622 19573
19455 19425
19296 19292
19225 19177
19158 19156
19139 19097
18861 18827
18591 18586
18274 18272
18241 18227
18224 18200
18192 18180
17965 17964
17678 17675
17645 17634
17633 17622
17485 17477
17243 17236
17097 17086
16780 16779
16670 16664
16335 16322
16107 16082
16030 16016
15902 15898
15872 15867
15754 15751
15717 15624
15551 15532
15008 14994
14985 14919
14723 14711
14643 14630
14537 14523
14506 14505
14365 14326
14281 14273
14254 14244
13919 13887
13772 13763
13672 13641
13514 13498
13384 13340
12981 12971
12829 12793
12746 12738
12617 12614
12532 12531
12494 12465
12439 12390
12305 12291
12238 12212
12090 12077
12027 12004
11987 11883
11856 11844
11676 11674
11478 11475
11394 11377
11325 11315
10943 10940
10844 10838
10788 10783
10777 10760
10262 10255
10165 10161
10095 10026
9852 9843
9821 9802
9746 9703
9659 9646
9551 9548
9451 9445
9415 9388
9267 9229
9120 9117
9104 9101
9004 8997
8955 8953
8900 8898
8720 8716
8480 8475
8260 8257
8189 8166
7814 7803
7744 7722
7687 7668
7576 7548
7288 7287
6619 6603
6401 6381
6380 6329
6313 6308
6221 6186
6080 6015
5876 5855
5824 5813
4754 4747
4512 4504
4484 4458
4098 4090
4057 4040
3823 3808
3584 3574
3548 3523
3385 3376
3035 3027
2924 2895
2839 2827
2524 2459
2198 2181
2092 2083
2080 2079
1563 1543
1485 1440
1296 1292
1034 1032
880 878
826 825
802 754
713 691
690 667
639 633
312 292
283 240
208 182
166 121
12264 12259
65568 65563
46796 46755
44635 44632
41431 41419
36571 36551
32634 32611
26322 26317
24136 24131
20917 20836
20834 20780
18595 18587
17237 17196
12997 12988
10025 9985
9849 9839
8195 8157
4323 4319
461 419
79969 79964
79734 79709
79675 79613
79368 79359
79266 79236
