307
84331 83819
80209 80094
34317 34098
59973 59920
89440 89347
86765 85839
79092 79011
59107 57816
57696 57579
48677 47970
44651 44027
43869 43568
40623 40330
33869 33138
18056 18013
14344 13833
13279 13071
11484 10472
9633 9507
8664 8662
4588 3986
85346 85186
75831 75825
68019 67901
66324 66090
57220 57189
45569 45497
44740 44696
39032 38973
22353 22344
15598 15466
4349 4249
89340 88822
87447 87217
85799 84914
84834 84668
79849 79476
76420 76345
64170 63004
62771 61905
59378 59309
49281 48976
38318 36296
35981 35806
32064 31968
30193 30107
29935 29589
23860 23410
21319 21092
6223 5693
88024 87881
87374 87284
86594 86584
82922 82851
79989 79925
78726 78615
76607 76546
74808 74727
73707 73501
69673 69548
65971 65960
64442 64333
59643 59623
55590 55560
55275 55109
54936 54818
53784 53737
53685 53466
51247 51157
51014 50954
50319 50305
48350 48225
47902 47778
44925 44826
43289 43062
39357 39253
37040 36970
35622 35528
33300 33205
30499 30339
26350 26316
25122 24964
22433 22383
20698 20571
18601 18573
17987 17932
10031 10029
8175 8100
4135 4002
326 68
80657 80611
65618 65611
32837 32735
25557 25546
24935 24931
88809 87990
83592 82903
82578 82344
82001 81665
80600 80392
79431 79335
78985 78853
75672 75329
73929 72394
69780 68036
66933 66848
65585 64857
61787 61437
56212 54990
52914 52414
51210 50651
45082 44700
41738 41577
41462 41040
32328 32268
29511 28886
28334 28270
24980 23972
23300 23023
18526 18346
17328 14543
6610 6328
1127 360
140 89917
89605 89483
88830 88810
88653 88462
87500 87459
86749 86735
83013 82993
81864 81838
79878 79783
79001 78941
77358 77277
73100 73089
70823 70814
69848 69752
68990 68837
68715 68696
68693 68563
68503 68285
67566 67446
67134 66986
66967 66835
66546 66429
65897 65799
65769 65735
64640 64536
61236 61108
59050 58946
58582 58504
57783 57690
57173 57075
53155 53095
49069 48853
48718 48709
45374 45349
41059 41023
39657 39459
36939 36832
36432 36220
34799 34636
34152 34054
33165 33148
32890 32881
32591 32534
31118 31110
30583 30575
24891 24881
24790 24724
24290 24265
22932 22920
21168 21153
21121 20866
19872 19561
18318 18279
18273 18261
17902 17738
17698 17690
15155 15034
14608 14566
14188 14168
11813 11806
10514 10465
8470 8389
7981 7846
7754 7652
5580 5408
3693 3548
3367 3159
2675 2541
2107 2099
1786 1621
580 552
89700 89503
88415 88348
86903 86866
85205 85122
84444 84400
80680 80661
78748 78730
78225 78191
75295 75231
68781 68777
68480 68431
67991 67942
64389 64377
63334 63312
61461 61408
58215 58174
55336 55311
53601 53592
49622 49614
49298 49293
40734 40648
40013 40001
39509 39476
36865 36852
33091 33070
29619 29618
26565 26520
23945 23922
21685 21606
20801 20797
19263 19221
18585 18565
18110 17999
15403 15235
6833 6819
6096 6083
4631 4580
2223 2198
78712 78518
75198 74844
71858 70885
60200 60010
57473 57198
54880 54842
51559 51266
47414 47180
42071 42063
40085 39456
39063 38596
33114 32338
28239 27770
22435 21375
19755 19469
18933 18925
17464 17440
11826 11658
7989 6992
5351 4913
2163 1259
89760 89699
89046 89027
85712 85624
85393 85354
85120 85036
84907 84899
83744 83544
83462 83434
82784 82709
81741 81644
81526 81167
80900 80829
80371 80109
79723 79664
79513 79427
78935 78857
77076 77062
76504 76491
75647 75218
74595 74382
73992 73972
73795 73785
73320 73129
72114 71915
71533 71496
70769 70696
70447 70342
70189 69988
68550 68536
67291 67261
66378 66374
65191 64949
64936 64863
64711 64673
63403 63363
63128 63127
62439 62282
61394 61250
60710 60683
60239 60198
57952 57852
56040 55758
55326 55282
54162 53876
52956 52909
52667 52523
51786 51709
51700 51667
51665 51653
51408 51298
50754 50703
50664 50660
47671 47243
45161 45151
