151
84331 83819
80209 80094
34317 34098
59973 59920
89440 89347
86765 85839
79092 79011
59107 57816
57696 57579
48677 47970
44651 44027
43869 43568
40623 40330
33869 33138
18056 18013
14344 13833
13279 13071
11484 10472
9633 9507
8664 8662
4588 3986
85346 85186
75831 75825
68019 67901
66324 66090
57220 57189
45569 45497
44740 44696
39032 38973
22353 22344
15598 15466
4349 4249
89340 88822
87447 87217
85799 84914
84834 84668
79849 79476
76420 76345
64170 63004
62771 61905
59378 59309
49281 48976
38318 36296
35981 35806
32064 31968
30193 30107
29935 29589
23860 23410
21319 21092
6223 5693
88024 87881
87374 87284
86594 86584
82922 82851
79989 79925
78726 78615
76607 76546
74808 74727
73707 73501
69673 69548
65971 65960
64442 64333
59643 59623
55590 55560
55275 55109
54936 54818
53784 53737
53685 53466
51247 51157
51014 50954
50319 50305
48350 48225
47902 47778
44925 44826
43289 43062
39357 39253
37040 36970
35622 35528
33300 33205
30499 30339
26350 26316
25122 24964
22433 22383
20698 20571
18601 18573
17987 17932
10031 10029
8175 8100
4135 4002
326 68
80657 80611
65618 65611
32837 32735
25557 25546
24935 24931
88809 87990
83592 82903
82578 82344
82001 81665
80600 80392
79431 79335
78985 78853
75672 75329
73929 72394
69780 68036
66933 66848
65585 64857
61787 61437
56212 54990
52914 52414
51210 50651
45082 44700
41738 41577
41462 41040
32328 32268
29511 28886
28334 28270
24980 23972
23300 23023
18526 18346
17328 14543
6610 6328
1127 360
140 89917
89605 89483
88830 88810
88653 88462
87500 87459
86749 86735
83013 82993
81864 81838
79878 79783
79001 78941
77358 77277
73100 73089
70823 70814
69848 69752
68990 68837
68715 68696
68693 68563
68503 68285
67566 67446
67134 66986
66967 66835
66546 66429
65897 65799
65769 65735
64640 64536
61236 61108
59050 58946
58582 58504
