5022
84331 83819
80209 80094
34317 34098
59973 59920
89440 89347
86765 85839
79092 79011
59107 57816
57696 57579
48677 47970
44651 44027
43869 43568
40623 40330
33869 33138
18056 18013
14344 13833
13279 13071
11484 10472
9633 9507
8664 8662
4588 3986
85346 85186
75831 75825
68019 67901
66324 66090
57220 57189
45569 45497
44740 44696
39032 38973
22353 22344
15598 15466
4349 4249
89340 88822
87447 87217
85799 84914
84834 84668
79849 79476
76420 76345
64170 63004
62771 61905
59378 59309
49281 48976
38318 36296
35981 35806
32064 31968
30193 30107
29935 29589
23860 23410
21319 21092
6223 5693
88024 87881
87374 87284
86594 86584
82922 82851
79989 79925
78726 78615
76607 76546
74808 74727
73707 73501
69673 69548
65971 65960
64442 64333
59643 59623
55590 55560
55275 55109
54936 54818
53784 53737
53685 53466
51247 51157
51014 50954
50319 50305
48350 48225
47902 47778
44925 44826
43289 43062
39357 39253
37040 36970
35622 35528
33300 33205
30499 30339
26350 26316
25122 24964
22433 22383
20698 20571
18601 18573
17987 17932
10031 10029
8175 8100
4135 4002
326 68
80657 80611
65618 65611
32837 32735
25557 25546
24935 24931
88809 87990
83592 82903
82578 82344
82001 81665
80600 80392
79431 79335
78985 78853
75672 75329
73929 72394
69780 68036
66933 66848
65585 64857
61787 61437
56212 54990
52914 52414
51210 50651
45082 44700
41738 41577
41462 41040
32328 32268
29511 28886
28334 28270
24980 23972
23300 23023
18526 18346
17328 14543
6610 6328
1127 360
140 89917
89605 89483
88830 88810
88653 88462
87500 87459
86749 86735
83013 82993
81864 81838
79878 79783
79001 78941
77358 77277
73100 73089
70823 70814
69848 69752
68990 68837
68715 68696
68693 68563
68503 68285
67566 67446
67134 66986
66967 66835
66546 66429
65897 65799
65769 65735
64640 64536
61236 61108
59050 58946
58582 58504
57783 57690
57173 57075
53155 53095
49069 48853
48718 48709
45374 45349
41059 41023
39657 39459
36939 36832
36432 36220
34799 34636
34152 34054
33165 33148
32890 32881
32591 32534
31118 31110
30583 30575
24891 24881
24790 24724
24290 24265
22932 22920
21168 21153
21121 20866
19872 19561
18318 18279
18273 18261
17902 17738
17698 17690
15155 15034
14608 14566
14188 14168
11813 11806
10514 10465
8470 8389
7981 7846
7754 7652
5580 5408
3693 3548
3367 3159
2675 2541
2107 2099
1786 1621
580 552
89700 89503
88415 88348
86903 86866
85205 85122
84444 84400
80680 80661
78748 78730
78225 78191
75295 75231
68781 68777
68480 68431
67991 67942
64389 64377
63334 63312
61461 61408
58215 58174
55336 55311
53601 53592
49622 49614
49298 49293
40734 40648
40013 40001
39509 39476
36865 36852
33091 33070
29619 29618
26565 26520
23945 23922
21685 21606
20801 20797
19263 19221
18585 18565
18110 17999
15403 15235
6833 6819
6096 6083
4631 4580
2223 2198
78712 78518
75198 74844
71858 70885
60200 60010
57473 57198
54880 54842
51559 51266
47414 47180
42071 42063
40085 39456
39063 38596
33114 32338
28239 27770
22435 21375
19755 19469
18933 18925
17464 17440
11826 11658
7989 6992
5351 4913
2163 1259
89760 89699
89046 89027
85712 85624
85393 85354
85120 85036
84907 84899
83744 83544
83462 83434
82784 82709
81741 81644
81526 81167
80900 80829
80371 80109
79723 79664
79513 79427
78935 78857
77076 77062
76504 76491
75647 75218
74595 74382
73992 73972
73795 73785
73320 73129
72114 71915
71533 71496
70769 70696
70447 70342
70189 69988
68550 68536
67291 67261
66378 66374
65191 64949
64936 64863
64711 64673
63403 63363
63128 63127
62439 62282
61394 61250
60710 60683
60239 60198
57952 57852
56040 55758
55326 55282
54162 53876
52956 52909
52667 52523
51786 51709
51700 51667
51665 51653
51408 51298
50754 50703
50664 50660
47671 47243
45161 45151
43050 42947
42822 42806
42579 42552
42389 42302
41595 41535
40854 40751
40297 40292
39148 39130
38877 38518
36560 36463
36096 36090
35931 35647
33658 33611
33532 33514
31932 31926
31598 31591
30943 30753
30646 30619
29805 29756
29432 29402
27909 27869
25690 25671
25474 25470
24617 24466
24255 23700
23126 22954
22338 22267
22233 22052
21571 21556
19494 19317
18702 18627
18451 18399
17645 17559
17438 17400
17110 17074
16241 16091
15246 15242
14885 14785
14274 14254
13962 13844
13575 13451
13311 13060
12850 12788
12218 12181
11966 11960
11729 11683
11046 11019
10916 10801
9873 9778
7807 7763
7259 7206
6669 6615
6361 6341
6175 5946
5941 5893
5814 5639
4987 4896
2030 1872
1492 1406
88302 88293
85534 85499
85101 85081
84126 84123
83553 83520
83395 83373
83335 83303
83193 83079
83024 82931
82920 82900
82160 82127
82120 82110
81772 81740
81121 81104
80062 80000
79579 79572
79189 79165
78995 78993
78862 78861
78729 78640
78590 78585
78152 78140
77616 77614
76748 76731
76278 76259
75965 75918
75577 75512
74901 74898
74340 74308
74054 74040
72906 72879
72416 72309
72184 72181
71904 71792
71513 71392
71158 71099
70711 70707
70439 70415
69763 69664
69521 69496
69439 69427
69044 69023
68262 68249
68119 68109
67471 67404
67300 67276
66419 66388
65669 65626
64254 64084
63972 63960
63902 63779
63480 63462
63400 63350
62316 62127
61641 61613
60289 60280
59863 59826
58632 58523
58519 58517
58334 58332
56694 56678
56654 56645
56463 56422
55775 55754
55626 55612
55197 55189
54709 54702
53310 53285
52918 52916
52699 52694
51545 51501
50534 50369
49936 49923
49856 49813
48452 48385
47488 47474
46436 46409
46386 46295
45899 45890
45603 45600
44463 44453
44374 44359
41888 41823
41811 41752
41389 41310
40816 40799
40635 40573
40572 40538
40443 40423
40344 40252
40146 40130
39046 39045
38533 38527
37164 37033
36598 36505
34730 34725
33490 33429
32329 32323
31857 31796
30746 30741
30629 30508
29351 29289
27645 27634
26134 26128
25501 25488
25348 25320
25100 25015
24987 24981
24856 24805
24478 24470
23013 22972
18642 18588
17711 17652
16767 16724
15665 15606
14798 14773
13141 13077
10294 10251
8704 8685
7534 7454
7379 7339
7183 7175
6912 6872
5891 5728
4483 4454
2695 2682
2148 2101
1350 1347
558 525
27 89998
82966 82935
82452 82391
78316 78303
67482 67476
64511 64479
64151 64090
63331 63326
51655 51637
50528 50497
49659 49640
49070 49033
47051 47038
41836 41830
34365 34362
32455 32454
22667 22665
22593 22585
18171 18155
16838 16828
10615 10560
7779 7761
81547 81352
76160 76122
61299 60810
60807 60601
46966 45981
34983 34331
25571 25402
89415 89275
89018 88937
88738 88662
87832 87760
86918 86784
86702 86699
86637 86626
86518 86336
86313 86301
84721 84634
84402 84348
84063 83949
83510 83468
83360 83325
83119 83020
82551 82481
80779 80713
80527 80438
79922 79902
77266 77250
76827 76702
74920 74832
74038 74029
73065 72855
72789 72695
70666 70568
70325 70306
69469 69389
69381 69193
68155 68045
67414 67395
65681 65671
64793 64791
63919 63647
63269 63144
60916 60798
59454 59328
59177 59099
58856 58628
58470 58057
57665 57611
57299 57287
56897 56801
56788 56668
55625 55623
55448 55371
54780 54672
54644 54573
54565 54550
52487 52142
52096 52001
51552 51419
49805 49656
49209 49092
48562 48368
48194 47929
45311 45171
45035 45026
43797 43764
43610 43442
42283 41925
41922 41909
40633 40331
40240 40132
39252 39248
39128 39067
38205 38055
35478 35217
34878 34850
33894 33864
33399 33328
32657 32641
32385 32384
31852 31670
31663 31601
30023 29964
29952 29808
29063 28978
28907 28766
28697 28603
27538 27392
27242 27173
26199 25931
24718 24640
22768 22733
21818 21653
21370 21316
20259 20187
18787 18752
18077 18074
18035 18022
17256 17244
16072 15974
15316 15290
15237 15206
13706 13673
12630 12548
12460 12376
11911 11898
11466 11260
10396 10342
9287 8843
8282 8212
6811 6746
6563 6422
5858 5844
4762 4679
4475 4459
3128 3069
1609 1591
1378 1330
1165 942
89096 89089
88986 88920
88705 88619
88576 88522
88347 88311
87715 87657
87608 87598
86638 86588
86575 86517
86505 86461
86111 86092
86036 85970
85807 85802
85765 85715
85498 85453
85001 84900
84831 84828
84117 84102
84032 84007
83875 83838
82195 82175
81870 81842
81087 81051
80296 80277
80217 80215
79456 79455
79337 79328
79074 79059
78975 78914
78858 78852
78450 78416
78362 78358
78285 78283
78031 78025
77166 77007
76951 76774
76577 76461
76106 76073
75097 75069
75061 75021
75014 74977
74251 74238
74156 74132
74126 74068
73709 73695
73677 73665
73516 73443
73368 73343
73215 73206
72996 72985
72827 72808
72799 72794
72737 72729
71763 71740
70176 70175
70170 70115
70055 69993
67103 67045
66883 66879
66850 66734
66256 66234
66217 66214
65365 65361
64995 64943
64564 64557
64503 64467
63943 63921
63683 63636
63633 63612
63591 63547
63190 63102
63025 63018
62613 62585
62378 62318
61568 61530
60516 60498
59678 59653
59380 59235
58687 58679
58170 58113
58084 58060
58053 57900
57784 57776
57763 57747
57649 57493
57408 57407
57246 57023
56362 56357
55933 55855
55695 55650
55563 55477
55473 55447
55378 55357
54476 54433
54429 54386
54381 54347
53789 53749
53080 53060
52996 52961
52902 52898
52437 52410
52329 52311
52283 52222
52169 52136
52071 52061
52032 52013
52010 51990
51958 51900
51677 51635
51142 51133
50593 50569
49271 49176
48945 48934
48917 48871
47923 47898
47574 47519
46235 46163
43638 43624
43347 43315
43211 43191
42346 42331
42326 42285
41750 41731
41532 41404
41271 41266
40969 40926
40913 40879
40841 40827
40788 40783
40769 40752
39620 39511
38610 38573
36844 36791
36247 36186
35928 35778
35674 35632
35063 35057
35056 34962
34569 34557
34209 34159
34096 34091
33763 33714
32589 32514
31914 31892
31390 31386
30854 30779
30692 30658
30299 30267
30156 30077
29428 29397
29236 29118
29031 29029
28552 28491
28045 27992
27832 27815
27715 27704
27218 27190
27126 27098
27072 27055
26682 26675
26124 26067
25192 25133
24141 24101
23391 23338
22575 22559
22545 22397
22127 22116
22045 22037
22012 21916
21890 21723
21273 21245
20692 20609
20256 20240
20188 20148
20117 20111
19697 19647
19581 19491
19376 19331
18828 18816
18496 18481
18319 18205
17733 17725
17632 17601
17427 17369
17158 17149
16936 16869
16529 16510
16139 16053
15219 15144
14912 14899
14839 14823
14002 13956
13898 13873
13343 13319
13266 13243
12562 12530
12415 12306
11939 11900
11869 11853
11412 11327
11205 11188
10987 10958
10894 10885
10843 10839
10460 10454
10179 10158
10139 10126
9924 9886
9797 9690
9637 9577
9310 9297
9229 9226
8823 8791
7665 7648
6296 6277
5691 5690
5294 5290
5138 5073
4835 4788
4774 4698
4388 4373
4284 4283
4274 4213
3884 3871
3824 3804
3628 3595
3419 3370
2854 2810
2663 2661
2058 2012
1966 1783
1599 1584
935 846
730 718
713 664
89583 89549
86508 86494
86401 86390
84543 84479
84190 84171
83927 83915
81589 81554
81474 81415
80924 80923
80298 80251
78034 78028
77024 76987
76938 76932
75599 75528
75314 75261
75029 75026
74161 74153
73923 73897
73105 73101
71432 71382
70610 70560
69132 69125
68027 68000
67859 67854
67342 67267
67203 67198
66847 66827
66314 66310
66156 66144
65674 65649
65031 65030
61105 61085
60351 60328
58973 58838
58299 58282
57863 57862
57674 57662
55991 55974
53624 53617
51250 51237
50679 50629
50043 50035
48880 48868
48722 48707
48169 48097
47798 47793
45215 45193
44301 44274
44164 44142
43718 43699
43507 43441
42108 42105
40560 40541
38955 38946
38399 38385
36151 36133
35062 35021
34279 34275
33198 33193
32203 32194
30200 30191
28578 28557
27697 27690
26106 26072
25467 25465
24701 24684
22111 22104
21943 21905
21734 21727
21279 21255
20962 20960
19803 19801
16649 16632
16560 16533
15779 15769
14354 14312
13778 13726
12999 12981
11771 11757
10022 10020
9230 9180
9055 8903
7977 7972
7580 7577
7006 6998
6885 6877
6319 6294
4550 4527
4021 4018
3277 3236
1832 1793
1652 1641
1278 1258
259 241
43343 42174
31827 30335
10112 9754
89896 89796
89149 89058
87634 87585
86237 86058
85808 85788
85740 85719
84970 84955
84858 84857
83536 83518
83190 83130
82415 82108
80426 80409
79768 79739
78289 78067
77193 77173
76132 76019
73917 73862
73845 73809
73438 73391
71880 71714
71692 71651
71489 71474
71388 71378
71375 71204
67735 67622
65468 65445
64477 64459
61804 61794
60631 60265
56522 56519
56202 56087
52814 52802
52748 52711
51933 51874
51620 51608
50950 50833
50592 50360
49827 49809
44674 44604
44314 44284
43736 43649
42736 42715
42295 42284
41392 41340
39877 39827
38365 38319
37846 37607
37263 37136
34611 34492
32878 32816
32159 32157
30051 30037
29701 29583
29395 29370
29078 29071
27694 27673
25645 25553
25548 25533
23597 23574
23425 23351
22011 21879
21424 21406
20838 20756
19272 19054
17047 17000
16398 16281
14358 14283
13426 13392
13016 12923
10656 10642
10199 10144
9777 9694
9531 9436
8626 8599
7191 7134
6686 6671
3505 3437
3425 3394
3045 2884
2392 2268
920 638
89238 89139
88244 88210
88186 88179
87940 87885
87583 87547
87203 87177
87030 86923
86815 86805
86367 86241
85960 85957
85709 85619
85565 85564
84797 84772
84726 84698
84359 84311
84280 84174
83293 83290
82400 82359
82279 82262
82173 82164
82082 82061
81663 81660
81575 81567
81532 81357
80919 80872
80840 80794
80610 80534
80467 80437
80434 80423
80378 80355
80184 80154
79323 79277
79270 79238
79152 79100
78610 78597
78495 78467
77953 77939
77843 77832
77528 77487
76232 76186
76183 76150
75650 75580
75410 75346
75228 75178
74463 74457
74199 74182
73866 73804
73633 73605
72861 72853
72654 72652
72584 72583
72568 72514
72082 72021
71359 71257
70878 70871
70785 70766
69384 69377
68850 68796
67746 67686
67683 67658
67638 67532
67253 67149
66697 66695
66679 66675
66300 66261
66119 66106
66028 65984
64922 64883
64681 64653
64623 64607
64595 64591
64304 64263
63491 63489
63288 63286
63247 63211
62902 62895
62828 62714
61860 61772
61479 61478
61346 61345
61343 61319
61308 61249
61201 61155
61126 61011
60793 60745
60450 60391
60384 60340
60278 60264
59792 59699
59502 59460
58928 58927
58324 58236
57447 57412
56960 56874
56620 56581
56538 56489
56330 56303
56082 56037
55414 55385
55257 55236
54615 54546
54330 54329
54254 54152
54089 54068
53899 53856
53446 53436
53341 53339
52844 52783
52352 52342
51116 51099
50878 50834
50803 50793
50743 50717
50567 50551
50177 50173
50147 50098
49727 49681
49561 49533
49000 48977
48715 48613
48593 48456
47889 47855
47171 47169
46649 46645
46129 46024
46007 46006
46000 45938
45728 45686
45538 45479
45244 45210
44596 44513
44391 44382
44168 44127
44115 44084
43623 43619
43538 43528
43300 43263
43110 43086
42994 42976
42950 42940
42939 42938
42692 42663
41993 41973
41943 41911
41699 41686
41670 41606
41046 40981
39771 39733
39468 39446
38689 38688
38453 38439
38393 38373
38204 38193
37948 37937
37910 37890
37775 37694
37478 37425
37024 36960
36652 36636
36006 35977
35630 35573
35386 35352
35264 35246
35106 35098
34865 34857
33826 33810
33625 33596
33289 33254
32504 32499
32201 32199
31704 31637
31549 31501
31454 31427
31378 31371
31009 30996
30993 30965
30657 30637
30438 30435
30047 29992
29802 29717
29659 29633
28994 28981
28649 28556
28170 28138
27956 27925
27887 27883
27773 27771
27617 27430
27402 27389
26889 26797
26791 26707
26665 26575
25775 25640
25622 25616
25290 25196
24541 24521
24095 24024
24023 23992
23735 23703
23335 23272
23248 23244
23074 23015
22937 22819
22668 22644
22621 22582
21903 21891
21564 21524
21516 21486
21295 21283
21111 21052
20899 20872
20014 19956
19947 19920
19130 19114
19108 19099
17497 17486
17444 17433
17297 17205
17065 17030
16971 16947
16832 16797
16703 16690
16474 16467
16338 16193
15920 15905
15596 15511
14746 14736
14554 14498
14477 14426
13218 13166
12982 12959
12776 12761
12289 12192
12169 12071
12070 12039
12008 11983
11681 11657
11537 11493
11319 11230
10812 10794
10732 10667
10190 10182
10009 9992
9084 8999
8932 8921
8172 8063
7908 7836
7816 7785
6941 6929
6776 6773
6604 6502
6477 6417
6407 6392
6227 6220
6168 6106
6059 6037
6011 5962
5546 5444
5415 5396
5386 5323
5248 5202
5152 5149
5068 5050
5011 5007
4670 4649
4522 4520
4198 4050
3870 3832
3800 3781
3314 3265
3047 2953
2713 2700
2629 2552
2290 2270
1770 1763
1583 1566
1288 1280
998 965
425 391
383 364
113 71
89804 89782
89540 89489
89481 89463
88454 88397
88098 88071
87999 87986
87658 87642
87611 87572
87370 87341
86795 86734
86727 86650
86453 86448
86354 86316
85649 85553
85158 85097
84887 84859
84029 83967
83463 83454
83419 83418
83332 83288
82324 82248
82013 82008
81766 81761
81496 81479
79269 79245
78497 78491
78452 78442
78378 78364
77332 77315
75880 75870
75740 75729
75194 75135
75122 75099
74831 74821
74801 74790
74542 74531
74234 74191
73760 73748
73653 73643
73224 73208
73154 73123
72659 72580
72350 72289
71753 71703
70418 70371
70069 70031
69941 69936
69924 69808
69653 69649
68745 68645
68582 68554
68485 68478
67725 67667
66693 66657
66232 66188
66048 66033
65352 65319
65213 65186
64460 64386
64201 64192
64049 64000
62489 62450
61444 61381
60882 60855
60853 60787
59681 59638
59636 59631
59240 59213
59121 59089
58508 58496
58341 58329
57348 57337
56953 56944
56611 56596
56057 56003
55472 55358
55332 55281
55173 55133
55002 54970
54412 54408
54385 54345
54123 54114
53108 53101
53055 53054
52379 52252
52173 52118
52047 52041
51844 51821
51438 51391
51222 51221
51178 51125
51124 51120
50790 50782
50556 50543
50312 50311
50237 50213
50081 50077
49948 49944
49930 49924
49603 49557
49364 49320
48992 48956
48863 48818
48763 48748
48746 48728
48597 48591
48561 48522
47983 47972
47611 47601
46396 46389
45720 45684
45682 45662
45597 45594
45146 45068
44476 44470
44446 44424
44049 44018
43936 43910
43882 43816
43522 43518
42993 42990
42902 42864
42006 41964
41643 41621
41552 41548
41442 41441
41033 41018
40940 40908
40800 40796
40675 40673
40590 40575
40540 40484
40111 40069
39927 39818
38723 38713
38519 38499
37699 37697
37473 37438
37411 37390
36748 36740
36710 36706
36549 36540
36242 36229
35974 35919
35426 35404
35165 35162
34925 34913
34589 34581
33942 33926
33809 33782
32780 32773
32295 32287
32103 32101
32079 32073
31810 31779
31535 31510
31507 31499
31047 31035
30672 30664
30595 30549
29868 29867
29737 29731
29709 29682
29629 29621
29160 29085
27662 27653
27582 27543
26318 26312
26178 26175
26001 25950
25867 25866
25573 25538
25331 25308
25238 25184
24707 24702
24409 24399
24281 24256
23112 23065
23054 23046
22816 22700
22221 22215
22156 22114
21608 21580
21565 21541
21039 20990
20957 20937
20501 20477
20476 20445
20267 20235
19700 19676
19375 19354
18707 18633
18101 18084
17986 17929
17585 17530
17500 17495
16384 16361
15849 15810
15150 15110
14780 14751
14652 14649
14594 14567
14457 14430
14398 14376
14090 14022
13975 13925
13650 13647
12540 12507
12302 12270
11628 11595
11452 11422
11234 11184
10957 10920
10886 10822
10819 10810
10799 10772
10163 10097
8479 8425
8136 8134
7357 7350
7249 7211
6988 6974
6772 6717
6455 6447
6359 6344
6165 6112
5734 5717
5581 5547
5541 5539
4971 4970
4931 4927
4442 4434
4141 4130
3726 3725
3671 3654
3433 3415
3076 3049
2952 2927
2469 2420
2239 2230
2168 2139
1227 1194
929 917
885 868
824 744
708 680
646 620
83826 83807
70602 70585
69173 69149
66129 66096
63006 62965
56810 56804
55738 55715
55278 55241
53322 53317
47709 47696
47605 47596
47345 47318
42539 42513
42303 42294
36306 36277
33499 33488
32034 32020
27531 27472
23556 23516
13860 13805
13354 13328
9891 9837
4097 4074
1750 1731
784 759
67488 67415
50617 49964
88364 88104
85566 85454
84630 84506
83840 83790
83230 83226
81923 81891
79395 79250
72250 72205
67881 67815
62693 62486
57519 57370
53075 53057
50212 49869
49470 49421
48220 48199
47196 46924
46463 46382
44370 44348
41857 41692
34384 34297
34052 34010
33977 33929
33837 33825
33800 33722
30333 30125
29462 29461
27357 27346
27153 27037
25511 25502
24434 24311
23350 23309
22917 22856
22604 22569
16773 16669
14531 14494
11254 11109
7647 7475
5281 5213
5181 5108
89835 89744
89482 89434
89433 89374
89023 89000
88892 88756
88608 88595
88292 88285
88100 88061
87826 87792
87470 87458
87419 87329
87320 87255
87162 87118
85370 85351
84647 84641
84613 84595
84067 84049
83810 83770
83732 83672
83433 83413
82856 82775
82774 82697
82665 82505
82455 82401
82239 82196
81566 81537
81331 81289
80529 80528
80353 80350
79991 79982
79966 79961
78903 78878
78842 78802
78255 78229
77916 77899
77433 77422
77329 77271
77212 77188
76439 76419
76396 76375
75994 75978
75758 75744
75723 75712
75681 75651
74683 74660
74545 74484
74283 74262
74237 74209
73312 73233
73171 73166
73133 73034
72776 72758
72507 72500
71251 71242
69872 69837
69833 69806
69805 69789
69333 69261
69183 69148
68924 68904
68746 68736
68394 68384
67900 67889
67652 67639
67387 67367
67118 67111
67024 67023
66914 66893
66561 66555
66447 66420
66213 66209
65870 65847
65825 65692
65466 65441
65224 65219
65183 65113
64415 64393
64369 64318
64005 63977
63772 63706
63338 63335
63098 63080
62987 62905
62566 62517
62030 62005
61719 61693
61005 60979
60339 60314
60114 60055
60013 59976
59958 59919
59447 59418
58762 58688
58365 58339
57742 57702
57335 57276
55606 55603
55423 55420
55103 55081
55024 54924
54136 54091
54011 53988
53833 53790
52920 52919
52207 52179
52095 52072
51872 51846
51840 51826
51778 51741
51370 51349
51311 51303
50987 50986
50009 49939
49386 49339
49149 49108
48321 48319
48031 48021
47746 47729
47728 47697
47306 47222
46833 46823
46256 46252
46157 46148
45866 45856
45812 45769
45264 45258
44248 44243
43023 42996
42244 42228
41819 41817
41575 41536
41251 41227
41106 41078
40405 40354
40097 40048
39925 39904
39673 39649
39368 39313
39179 39121
39120 39110
38164 38112
38066 38061
37632 37517
36323 36321
35459 35416
35229 35170
34740 34734
34702 34624
34518 34238
34087 34073
33588 33571
33570 33566
33231 33186
32059 32022
31998 31953
31112 31051
30942 30914
30732 30703
30239 30205
29983 29943
29930 29895
29889 29807
29554 29508
29253 29246
29117 29040
28916 28914
28842 28717
28295 28222
27871 27863
27052 26994
26963 26942
26319 26306
25922 25899
25880 25835
25786 25785
25610 25587
25541 25537
24438 24424
24344 24343
23973 23953
23921 23890
23806 23746
23458 23400
22208 22129
21603 21591
21430 21388
20788 20694
20411 20337
20094 20051
19742 19715
19304 19282
19045 19017
18767 18740
18691 18666
18349 18334
18148 18147
17867 17764
17598 17567
17541 17538
16668 16660
16185 16147
16034 15921
15897 15848
15422 15407
15111 15079
15071 15049
15043 15016
14493 14482
14388 14380
14301 14278
14179 14125
13792 13736
13408 13390
12874 12807
12493 12474
11638 11574
11110 11074
10567 10546
10524 10479
10349 10313
10083 10074
9444 9316
9200 9144
8967 8948
8674 8638
8432 8192
7599 7548
7157 7116
5637 5566
4951 4898
4338 4305
3968 3912
3886 3885
3778 3646
3331 3330
3247 3229
2803 2750
2550 2547
2465 2376
2269 2263
2253 2225
1697 1693
1535 1527
1270 1245
1231 1228
1044 1017
945 938
507 502
89935 89934
89774 89690
89144 89106
89104 89082
88910 88884
88864 88862
88841 88828
88820 88795
88752 88737
88502 88496
88354 88343
88239 88236
88132 88101
87977 87919
87852 87821
87518 87480
87464 87414
87153 87117
86950 86946
86543 86527
86258 86175
85845 85834
85794 85777
85044 84995
84971 84949
84931 84930
84349 84347
83194 83168
82647 82602
82357 82346
82140 82126
82080 82063
81854 81841
81713 81695
81658 81611
81545 81534
81371 81294
81147 81090
81079 81072
80895 80888
80509 80474
80450 80439
80411 80405
79887 79873
79744 79735
79665 79606
79605 79600
79241 79207
79094 79090
78399 78390
78171 78168
77536 77457
77148 77135
76981 76948
76915 76858
76181 76157
76013 75966
75957 75930
75626 75602
75477 75463
75446 75417
74707 74671
74607 74560
74276 74253
73980 73962
73823 73780
73571 73540
73264 73242
73169 73165
73021 73003
72821 72787
72169 72154
72092 72074
71860 71856
71823 71820
71694 71663
71658 71653
71588 71582
71555 71553
71236 71234
71225 71164
71163 71145
71141 71086
71017 70898
70455 70454
70142 70140
70139 70124
70010 69966
69790 69785
69721 69700
69568 69564
69116 69029
68770 68750
68588 68583
68186 68183
68164 68163
67650 67559
67474 67365
67138 67102
66955 66940
66773 66760
66709 66705
66421 66400
66364 66341
66257 66248
66054 66051
65866 65848
65838 65832
65818 65814
65708 65693
65630 65542
65460 65366
65298 65238
65085 65068
64891 64866
64755 64734
64721 64672
64608 64526
64335 64302
63931 63892
63616 63614
63212 63208
62909 62896
62565 62501
62178 62151
61977 61966
61685 61646
61645 61638
61508 61454
61313 61287
61202 61189
61136 61133
60679 60665
60444 60422
60234 60154
60124 60120
59861 59836
59801 59797
59730 59723
59373 59369
59330 59326
59075 58977
58800 58798
58552 58532
58231 58222
57974 57959
57943 57914
57837 57818
57389 57381
57354 57351
57305 57264
57151 57006
56918 56870
56660 56657
56641 56630
56521 56493
56176 56173
56076 56067
55818 55814
55575 55572
55129 55012
54927 54899
54881 54799
54524 54415
54233 54225
54216 54130
54103 54093
54072 54057
53889 53888
53610 53603
53535 53527
53124 53113
53016 52978
52928 52915
52858 52773
52691 52622
52115 52101
52027 52025
51820 51768
51572 51555
51543 51521
51051 50976
50908 50885
50883 50862
50837 50829
49988 49955
49882 49865
49541 49517
49454 49446
49183 49163
49144 49109
49076 49074
49027 49021
48056 48043
47586 47565
47479 47410
46981 46972
46881 46865
46728 46632
46630 46626
46525 46484
46159 46155
46099 46089
46019 46011
46003 45950
45829 45828
45547 45534
45382 45367
45285 45277
44796 44792
44718 44658
44533 44506
44337 44331
44265 44251
44213 44209
42952 42932
42653 42638
42634 42587
42336 42333
41912 41886
41511 41506
41505 41494
41339 41314
40767 40756
40622 40598
40462 40450
40308 40307
40011 39998
39795 39792
39484 39481
39477 39469
39404 39387
39382 39356
39178 39141
39034 39022
38935 38910
38349 38314
38285 38282
37936 37822
37813 37784
37354 37342
37341 37318
37315 37306
37291 37286
37198 37189
37157 37131
36898 36855
36851 36847
36384 36314
36269 36251
36054 36034
35247 35214
34852 34845
34831 34830
34634 34596
34428 34415
34361 34288
34161 34117
34104 34060
33980 33958
33598 33572
33477 33474
33179 33146
33075 33073
32842 32821
32571 32566
32526 32525
32521 32511
32424 32411
32232 32205
31840 31824
31733 31729
31728 31692
31661 31616
31407 31388
31366 31364
31240 31225
31183 31156
30815 30736
30727 30709
30545 30527
30388 30379
30049 30027
29929 29919
29829 29803
29781 29742
29649 29641
29464 29457
29448 29435
29304 29162
28953 28946
28702 28684
28671 28650
28597 28584
28338 28319
28274 28174
28030 28018
27987 27886
27636 27584
27405 27302
27261 27251
26989 26986
26887 26886
26863 26822
26816 26779
26772 26770
26759 26752
26741 26634
26307 26276
26234 26233
26164 26137
25908 25876
25774 25750
25411 25344
24852 24824
24557 24522
24415 24412
24379 24378
24233 24105
24012 24006
23751 23733
22832 22817
22658 22642
22633 22618
22382 22349
21880 21868
21770 21757
21574 21568
21407 21373
21372 21357
21345 21337
21169 21162
21136 21065
20895 20884
20535 20531
20327 20324
20234 20204
19622 19501
19498 19443
19307 19249
19166 19144
18808 18805
18401 18355
17920 17887
17834 17828
17357 17346
17217 17136
17093 17079
16683 16670
16615 16574
16357 16328
16114 16104
15891 15877
15720 15667
15643 15626
15253 15243
15085 15014
14930 14929
14253 14218
14217 14170
13862 13845
13257 13230
13034 13022
12969 12940
12736 12714
12576 12569
12325 12321
12320 12316
12246 12238
12168 12164
12065 12041
11908 11893
11684 11636
11072 11069
10451 10266
10262 10258
9933 9895
9762 9757
9530 9529
9383 9355
8541 8535
8404 8373
7954 7893
7740 7708
7696 7668
7555 7530
7185 7131
7126 7031
6961 6935
6930 6902
6225 6213
6043 5987
5887 5847
5525 5501
5243 5154
4502 4446
4370 4357
4092 4079
3604 3586
3583 3581
2808 2793
2562 2531
1903 1878
1764 1741
1685 1662
1564 1546
1408 1377
1356 1340
740 739
533 513
496 387
373 359
141 116
89237 89227
88604 88597
87557 87526
87364 87362
86398 86393
86388 86380
86293 86279
83942 83936
83524 83517
83072 83059
82640 82615
82607 82565
82515 82388
81446 81349
81081 81071
80879 80875
80508 80494
80422 80396
79266 79265
79104 79082
78683 78663
78500 78466
77137 77122
76717 76705
76281 76189
74581 74576
74077 74043
73868 73867
73417 73413
73379 73359
73000 72952
72310 72308
72044 72016
71654 71627
71241 71230
70684 70656
70338 70334
70279 70253
69483 69482
68732 68680
67326 67317
66932 66925
66756 66746
65270 65244
65243 65231
63505 63481
62926 62925
62599 62587
62561 62541
62432 62405
61991 61928
61768 61767
61102 61093
60267 60252
59171 59157
59066 59063
58971 58970
58593 58590
58316 58302
57778 57777
57177 57172
57040 57027
57008 56989
55854 55850
55441 55425
55322 55318
55315 55295
55013 54985
54747 54673
53618 53607
53440 53425
53154 53140
52292 52261
49627 49599
48969 48967
48072 48045
47786 47725
46521 46490
46483 46455
46323 46318
46310 46296
45931 45926
45270 45262
44910 44862
43980 43955
43468 43445
43419 43383
42973 42963
42555 42543
42507 42481
41510 41452
41027 41020
39934 39923
39550 39548
37532 37495
37238 37217
36998 36988
35663 35587
35401 35363
35249 35235
34573 34571
33321 33309
33262 33208
32941 32927
32652 32637
32610 32608
32604 32599
32422 32350
31367 31277
31179 31135
31053 31046
29436 29385
28722 28718
28632 28621
28567 28521
28380 28366
27884 27881
27710 27700
26694 26655
24887 24879
24716 24712
24087 23979
22173 22147
21779 21767
21477 21459
20550 20536
20348 20334
19708 19663
18377 18316
18230 18220
18115 18103
17857 17837
17493 17482
17140 17133
17077 17063
16898 16888
16730 16728
16103 15976
14504 14419
14262 14246
12835 12827
11986 11975
10405 10401
9785 9723
9185 9179
8718 8693
8043 8040
7040 7009
6138 6079
5597 5582
4008 4001
3975 3971
3819 3818
3385 3350
2683 2646
1909 1907
865 855
804 788
260 256
187 177
4830 4806
78311 78295
78036 78032
72608 72264
55042 54949
54416 54293
38492 38472
37966 37904
26652 26398
19314 19276
16577 16489
10092 10038
7282 7267
89861 89855
88499 88456
87844 87834
86778 86757
86689 86661
85544 85536
85396 85372
83665 83662
83644 83571
81979 81936
81354 81334
81281 81277
79454 79428
77572 77543
77342 77331
76683 76680
75177 75172
74974 74912
74873 74791
74416 74345
74006 73959
73732 73711
72644 72610
72176 72129
71691 71573
71522 71517
71035 70965
70393 70305
70090 70081
69917 69901
69656 69654
68615 68482
68052 68042
67866 67789
67344 67337
66626 66587
66365 66358
65606 65598
65568 65560
65523 65467
65336 65299
65267 65242
62881 62844
62669 62655
62484 62425
62091 62043
61899 61872
61755 61723
61401 61356
60896 60852
60843 60841
60602 60580
60220 60169
58652 58651
57806 57790
56404 56382
56348 56333
56284 56260
56235 56172
56167 56157
55732 55716
52687 52567
52374 52367
52133 52098
51256 51183
50981 50896
50084 50082
49417 49397
47996 47925
46971 46875
46868 46846
46685 46681
46556 46503
45391 45272
45145 45139
44973 44926
44846 44625
44214 44211
44035 43885
43453 43366
42914 42899
42882 42868
42637 42570
42070 42045
40478 40474
40210 40187
39309 39225
38683 38677
38555 38554
38470 38457
38250 38232
36395 36339
36293 36292
35747 35730
34959 34928
33681 33628
33425 33380
33155 33143
32713 32712
32687 32669
32487 32458
32369 32360
31750 31716
31611 31557
31236 31228
30377 30368
30318 30316
28979 28938
28474 28400
26980 26977
26302 26241
26223 26219
26187 26168
25825 25799
25410 25379
24297 24190
23526 23466
22783 22743
21720 21713
21203 21151
20285 20272
18914 18844
18425 18417
16658 16634
14055 14035
13678 13645
13467 13411
13011 12992
11849 11798
11448 11446
10938 10906
10370 10350
10101 10098
9566 9474
9113 9102
7627 7604
7091 7019
7016 6960
6702 6633
3207 3050
1488 1467
1153 1065
758 747
659 656
442 426
89614 89592
89322 89310
89005 88989
88976 88931
88600 88596
88221 88137
88062 88018
87742 87716
87699 87687
87323 87317
87263 87253
87100 86970
86814 86800
86631 86616
86592 86576
86571 86566
86315 86264
86012 86003
85657 85650
85369 85349
85336 85314
84947 84941
84110 84083
84056 84041
83837 83797
83606 83563
83450 83442
83425 83421
83349 83343
82820 82806
82559 82558
82552 82545
82544 82543
82533 82506
82102 82083
81918 81884
81828 81820
81522 81514
81209 81198
81192 81184
81020 80961
80730 80718
80716 80605
80585 80583
80347 80338
80181 80133
79821 79785
79675 79671
79571 79533
79201 79096
78720 78701
78691 78600
78538 78515
78490 78478
78356 78344
78190 78181
78023 77934
77679 77613
77126 77123
77061 77033
76946 76939
76508 76427
76277 76199
76153 76095
76032 76017
75862 75795
75762 75748
75703 75684
75505 75481
75407 75402
74947 74946
74770 74731
74670 74657
74499 74458
74368 74316
74180 74178
73082 73073
73062 73049
72570 72492
72402 72375
72368 72360
72063 72049
72027 71990
71978 71956
71558 71556
71544 71500
71470 71456
71328 71243
70507 70457
70205 70180
69599 69571
69544 69511
69246 69223
69172 69153
69013 68975
68794 68771
68270 68235
68075 68065
68060 68039
67998 67918
67779 67732
67027 67025
66924 66904
66577 66496
66459 66431
66383 66380
66177 66175
65901 65878
65729 65721
65230 65226
64849 64779
64475 64471
64178 64175
63848 63807
63799 63745
63555 63554
63482 63470
63289 63274
62883 62855
62737 62704
62697 62668
62442 62340
62258 62204
61959 61952
61789 61773
61172 61166
61049 61041
60780 60767
60765 60720
60392 60362
60253 60237
60116 60054
59940 59870
59593 59517
59479 59435
59409 59392
58782 58701
58684 58633
58611 58554
58387 58347
58026 57988
57800 57791
57771 57736
56967 56958
56821 56773
56544 56526
56473 56449
56380 56276
56253 56224
56148 56105
55947 55936
55895 55879
54752 54751
54683 54681
54657 54651
54341 54303
54006 53947
53781 53760
53486 53413
53405 53377
53046 53022
52913 52888
52005 51974
51710 51705
51631 51603
51588 51580
51519 51480
51059 51053
50915 50913
50815 50799
50768 50693
50484 50382
50381 50317
49835 49824
49752 49703
49480 49467
49301 49287
48911 48884
48811 48778
48701 48657
48579 48569
48353 48315
48307 48301
47921 47905
47754 47703
47342 47299
47157 47135
46892 46888
46812 46799
46608 46569
46314 46303
46039 46032
45173 45167
44992 44850
44571 44551
44271 44266
43777 43733
43641 43580
43439 43431
43134 43127
43112 43041
42912 42908
42825 42818
42800 42782
42739 42722
42388 42378
42306 42287
42024 42023
41885 41867
41825 41722
41591 41557
41240 41167
40972 40945
40890 40869
40856 40834
40726 40717
40352 40336
40208 40193
40116 40115
40017 40016
39786 39762
39748 39738
39703 39693
39676 39666
39656 39648
39537 39517
39295 39293
38904 38861
38859 38817
38730 38727
38590 38581
38231 38171
38140 38111
38098 38063
37683 37641
37590 37587
37279 37251
37248 37247
37099 37005
36577 36570
36567 36553
36515 36483
36209 36162
35918 35887
35839 35796
35792 35774
35694 35676
35658 35646
35645 35620
35488 35476
35399 35396
35347 35333
34945 34938
34790 34741
34377 34373
34029 34025
33887 33844
33605 33599
33564 33559
33503 33484
32750 32721
32561 32529
32493 32471
32445 32431
31927 31847
31581 31544
31470 31440
31337 31313
31145 31094
31018 30947
30922 30898
30656 30610
30403 30393
30312 30279
30260 30228
30187 30178
30143 30132
30117 30109
29955 29939
29916 29896
29893 29886
29576 29575
29556 29555
29394 29391
29361 29350
28545 28506
27814 27786
27748 27729
27467 27447
27250 27243
26529 26470
26381 26347
25837 25803
25694 25672
25305 25250
25178 25176
24648 24642
24607 24566
24495 24458
24359 24285
24248 24237
23975 23952
23903 23883
23706 23670
23365 23291
23226 23217
23161 23156
22915 22865
22613 22607
22570 22554
22541 22482
22444 22430
22429 22428
22320 22318
22176 22165
21791 21788
21784 21780
21448 21435
21301 21298
21232 21207
20920 20919
20914 20900
20659 20570
20414 20409
20360 20332
20307 20304
20301 20271
20191 20173
19879 19871
19867 19861
19733 19706
19237 19222
19095 19093
18906 18890
18858 18821
18608 18586
18578 18533
18450 18407
18328 18206
18076 18070
18055 18034
17790 17745
17663 17658
17255 17245
17239 17238
17017 16973
16572 16566
16498 16487
16099 16071
16055 16045
15996 15947
15378 15293
15231 15211
15210 15192
15013 14997
14854 14850
14720 14718
13724 13716
13646 13545
13313 13299
13225 13217
13126 13117
12908 12893
12681 12666
12502 12483
12439 12327
12224 12194
12038 12013
11572 11561
11552 11520
11285 11284
11141 11122
11055 10974
10734 10708
10532 10506
10244 10233
9981 9957
9869 9805
9709 9699
9677 9666
9622 9550
9170 9105
9093 9077
8884 8818
8773 8737
8660 8613
8305 8254
8163 8148
8129 8126
8115 8098
8093 7993
7854 7831
7825 7793
7645 7611
7519 7513
7487 7442
6849 6828
6792 6775
6408 6387
6238 6236
5956 5901
5645 5595
5406 5350
5255 5253
5033 5017
4912 4880
4853 4831
4692 4666
4410 4407
4398 4389
4229 4211
3952 3831
3775 3737
3702 3681
3652 3631
3609 3606
3579 3560
3534 3446
3388 3309
3203 3178
3148 3111
3090 3082
2760 2708
2694 2641
2620 2578
2093 2092
2034 1952
1867 1863
1785 1781
1721 1691
1544 1472
1469 1456
1126 1123
1111 1108
953 949
345 335
87 66
89883 89849
89631 89622
89158 89151
88988 88975
88969 88904
88573 88565
88271 88265
88147 88146
87955 87947
87868 87849
87431 87411
87353 87337
87315 87241
87213 87200
86614 86596
86372 86341
86173 86166
85968 85919
85855 85850
85642 85595
85479 85478
85234 85193
84891 84890
84394 84371
84282 84220
84161 84153
84107 84098
84068 84061
84054 84021
83472 83458
83336 83326
83304 83302
83297 83273
82923 82901
81150 81123
80841 80785
80523 80522
80207 80203
79788 79754
79556 79538
79444 79411
79209 79198
78595 78556
78306 78298
77677 77672
77395 77338
76625 76586
76554 76529
76386 76378
76049 76003
75933 75926
75801 75786
75778 75643
75633 75609
75526 75445
75296 75290
74990 74948
74931 74928
74797 74786
74650 74597
74420 74406
74152 74125
73910 73907
73649 73646
73515 73453
73399 73393
72592 72511
72391 72370
72362 72323
72232 72206
71782 71728
71603 71585
71523 71518
71446 71425
71093 71089
70718 70713
70561 70515
70344 70340
70103 70079
69602 69597
69464 69461
69083 69070
68862 68859
68665 68606
68523 68474
68410 68392
68310 68242
68234 68197
67966 67963
67710 67705
67223 67211
66818 66817
66556 66509
66075 66019
65905 65831
65639 65633
65360 65356
64522 64520
64275 64268
64161 64125
64123 64117
64082 64072
63715 63712
63698 63675
63380 63297
63216 63213
63136 63123
62851 62840
62652 62635
62012 62006
61518 61509
61452 61426
61210 61184
61086 61045
60944 60918
60833 60825
60770 60728
60643 60614
60207 60206
59775 59768
59726 59688
59486 59436
59193 59191
59046 59021
58807 58790
58708 58703
58473 58433
58195 58192
57947 57886
57872 57858
57612 57557
57437 57399
57301 57275
56972 56971
56551 56546
56525 56485
56478 56442
55997 55985
55946 55919
55807 55796
55679 55675
55651 55649
55631 55610
55290 55289
55220 55211
54982 54976
53367 53329
53079 53073
52926 52869
52406 52394
52042 51899
51291 51244
51201 51159
51113 51107
50933 50910
50631 50604
50389 50357
50310 50279
50273 50241
48651 48631
48617 48530
47995 47987
47956 47928
47830 47827
47308 47265
46903 46901
46766 46737
46732 46715
46678 46677
46424 46364
46051 46041
45469 45451
45431 45427
45328 45314
44747 44745
44688 44679
44118 44071
44000 43984
43653 43551
43284 43275
43266 43245
43105 43099
43087 43061
42911 42895
42641 42633
42477 42463
42410 42360
42344 42309
42288 42213
42210 42160
42124 42122
41907 41893
41774 41772
41609 41587
41112 41105
41004 40980
40819 40811
40483 40468
40302 40284
40265 40264
39963 39955
39836 39824
39794 39784
39722 39713
39678 39670
39417 39406
39106 39105
38380 38372
38197 38191
38175 38142
38116 38065
38014 38007
37969 37931
37603 37601
37451 37433
36606 36528
36450 36440
35490 35470
35114 35068
34654 34616
34535 34499
34198 34186
33863 33842
33712 33704
33623 33608
33462 33442
33170 33154
32986 32967
32679 32654
32278 32235
32015 32011
31724 31697
31684 31567
31491 31467
31461 31393
30697 30651
30563 30555
30487 30468
30418 30401
30131 30116
29908 29841
29541 29470
29332 29296
29257 29250
29244 29233
29208 29179
29143 29128
28660 28646
28507 28480
28072 28062
27912 27907
26987 26907
26257 26255
26252 26246
25886 25877
25492 25473
25202 25199
25174 25087
25032 25031
24276 24260
24252 24234
23813 23808
23775 23773
23732 23718
23431 23405
23398 23373
23358 23346
23089 23064
22885 22875
22847 22835
22762 22750
22711 22708
22317 22307
22292 22282
22257 22244
22194 22188
22099 22098
21995 21992
21744 21678
21456 21446
21269 21235
21178 21147
21027 20969
20859 20831
20826 20813
20738 20730
20432 20375
19778 19776
19651 19646
19574 19572
19324 19290
18916 18905
18884 18863
18737 18726
18452 18447
18253 18246
18196 18195
17878 17865
17781 17777
17762 17754
17592 17576
17540 17531
17463 17456
17331 17318
17311 17296
17148 17147
17031 16984
16944 16924
16921 16904
16836 16798
16702 16680
16280 16262
15940 15939
15938 15931
15812 15784
15781 15761
15446 15443
15435 15425
14990 14987
14944 14943
14884 14865
14703 14694
14275 14267
13922 13917
13284 13240
13012 13007
12891 12837
12825 12777
12538 12506
12319 12263
12084 12075
12040 12014
11943 11941
11880 11852
11625 11624
11601 11589
11401 11373
11079 11043
11035 11015
10954 10917
10617 10614
10505 10504
10260 10254
10234 10213
10177 10176
9719 9702
9460 9456
9340 9324
9101 9100
9092 9022
8989 8945
8893 8865
8839 8836
8759 8738
8350 8349
8228 8219
8078 8056
8033 8018
8013 7991
7984 7965
7860 7830
7293 7270
7104 7101
6897 6893
6682 6676
6159 6155
5885 5882
5527 5513
5443 5381
5246 5242
5238 5218
4932 4906
4866 4860
4474 4441
4383 4345
4263 4223
4174 4137
4056 4054
4025 4022
3956 3946
3810 3798
3565 3496
2357 2279
2222 2192
1715 1703
1633 1618
1582 1579
1310 1304
1071 1068
958 931
914 872
755 737
657 639
317 274
88 81
1 89999
87258 87251
87141 87110
86708 86700
84430 84428
84241 84217
82249 82216
81659 81639
72764 72760
70392 70380
69053 68991
67540 67535
65342 65332
58691 58596
55711 55703
51749 51743
48533 48448
43318 43297
41803 41785
38963 38954
36850 36827
35976 35941
35089 35072
35002 34999
34968 34958
31776 31769
30959 30948
30728 30704
28382 28358
28299 28255
28251 28231
26996 26982
21506 21499
21452 21442
20810 20806
19178 19174
18775 18763
18527 18453
18327 18321
17678 17673
17518 17487
12106 12100
11877 11862
11257 11242
8991 8953
7466 7418
2056 2054
670 668
379 378
76473 76344
74229 74122
34980 34887
89980 89924
89133 89118
88032 88028
87064 87047
85947 85928
84004 83988
80272 80257
80249 80244
79940 79933
79880 79609
77723 77681
76617 76602
75866 75777
75510 75444
70643 70551
68695 68679
68659 68653
59618 59591
58868 58857
56024 56004
54046 54034
53015 53002
49582 49562
47691 47678
46501 46481
45937 45922
45418 45394
43757 43677
42778 42699
39014 38907
38834 38780
34806 34772
33957 33858
33376 33371
33246 33237
29617 29559
28874 28858
26390 26354
26052 26020
25989 25951
24708 24667
21049 21029
20319 20295
16436 16374
13591 13574
12695 12658
12636 12597
12586 12570
10433 10388
8534 8491
7327 7257
6854 6847
336 227
89894 89877
88781 88777
88690 88615
88550 88538
88528 88515
88396 88387
88331 88321
87911 87906
87229 87165
86480 86479
86438 86429
85997 85872
85810 85800
85523 85419
85414 85409
85181 85173
84550 84545
84147 84113
83851 83839
83747 83694
83504 83485
83214 83205
83134 83123
82928 82874
82800 82771
82703 82683
81965 81962
81746 81715
81507 81498
81036 81030
80939 80930
80860 80845
80816 80763
80331 80329
80121 79946
79068 79058
78945 78886
78879 78843
78817 78777
78735 78734
78237 78196
78049 78048
77765 77703
77439 77360
77175 77156
76825 76768
76531 76514
76343 76339
75907 75889
75253 75232
75096 75044
74113 73991
73688 73681
73606 73601
73305 73280
72457 72420
71646 71643
70893 70834
70826 70809
70706 70670
70557 70536
70362 70211
69783 69771
69504 69255
68958 68883
68635 68630
68512 68496
68367 68275
68212 68196
66757 66715
66615 66611
66589 66583
66016 65954
65780 65741
65734 65730
65644 65632
64945 64916
64667 64644
64379 64362
63519 63516
63426 63390
63155 63049
62945 62913
62604 62602
62145 62108
62077 62011
61910 61891
61879 61792
61636 61631
61081 61064
61015 60973
60939 60897
60627 60618
60537 60491
60296 60277
58489 58397
58272 58266
58198 58138
58124 58069
57722 57707
57684 57683
57621 57560
57486 57424
57255 57225
57214 57164
56869 56840
56419 56389
56090 56089
55793 55744
55701 55666
55202 55193
54629 54618
54540 54537
54257 54250
53944 53926
53572 53556
53331 53193
52963 52935
52467 52441
51966 51949
51479 51458
51354 51307
51281 51274
51220 51185
51109 51108
50968 50948
50199 50198
49689 49661
49433 49385
49313 49307
49250 49243
48407 48358
48298 48235
48085 48058
47963 47932
47630 47629
47203 47194
47021 46990
46765 46756
46567 46539
46289 46231
46227 46180
45518 45482
43727 43725
43349 43328
42682 42674
42535 42498
42275 42208
42206 42123
41717 41703
41056 41048
40295 40230
39122 39095
39064 39038
38999 38971
38679 38620
38618 38607
38377 38370
38169 38147
37774 37751
36975 36971
36697 36607
36099 36086
35312 35257
35135 35093
34580 34532
34239 34207
33390 33271
32409 32313
32181 32134
31818 31816
31740 31737
31485 31482
31305 31271
30698 30677
29994 29976
29839 29835
29027 28989
28472 28446
28376 28351
28090 28036
27487 27482
27224 27125
27089 27021
26974 26940
26924 26900
26466 26434
26414 26383
26338 26322
25495 25491
25156 25144
25035 25012
24786 24776
24565 24558
23652 23601
23562 23533
23520 23513
23036 23005
22420 22398
22251 22249
21850 21812
21656 21647
21503 21481
20752 20722
20684 20674
20388 20367
20159 20110
20087 20082
19858 19824
19789 19773
19406 19381
19219 19194
19007 18913
18613 18612
18495 18474
17825 17814
17795 17792
17386 17367
17317 17307
17113 17103
16880 16872
16470 16434
16220 16217
16032 16019
15664 15654
15583 15555
14790 14782
14546 14517
14499 14464
14018 14004
13996 13991
13520 13517
13406 13345
13286 13273
13197 13174
13070 13059
12911 12910
12662 12616
12005 11981
11820 11805
11487 11458
11400 11359
11264 11250
10706 10616
9800 9799
9640 9631
9489 9459
9301 9292
9275 9271
8510 8497
7403 7402
7277 7264
7196 7188
6875 6858
6534 6472
6337 6327
6103 6087
5101 5076
4429 4425
4422 4418
4295 4236
3723 3720
3709 3703
3234 3230
2906 2874
1031 1029
1002 955
841 829
547 546
334 332
89831 89817
89812 89811
89537 89529
89342 89341
89320 89269
89225 89199
89022 89009
89007 88996
88887 88881
88874 88869
88745 88720
88637 88633
88426 88409
88351 88283
88278 88275
88161 88151
88103 88093
87991 87987
87759 87750
87685 87682
87622 87618
87453 87449
87189 87181
87170 87152
87120 87106
86998 86993
86808 86794
86542 86528
85760 85753
85718 85703
85471 85448
85439 85415
85412 85379
85367 85363
85321 85312
85298 85291
85105 85089
85012 84936
84675 84649
84642 84612
83697 83689
83648 83590
83567 83554
83317 83306
83225 83187
83100 83096
83095 83088
82879 82791
82788 82786
82686 82672
82650 82644
82032 82022
81933 81931
81885 81853
81839 81735
81697 81672
81465 81463
81235 81222
81032 81011
80546 80539
80463 80456
80370 80359
80169 80145
80124 80098
79930 79846
79717 79686
79612 79610
79599 79558
79530 79507
79498 79497
79385 79370
79125 79122
79065 79062
79017 79005
79002 78980
78977 78973
78927 78895
78877 78869
78847 78772
78178 78162
78074 78065
78035 78017
78002 77971
77786 77782
77665 77658
77645 77625
77534 77511
77506 77483
77058 77046
77003 76998
76764 76757
76482 76471
76465 76458
76413 76398
76108 76094
75997 75982
75899 75859
75855 75829
75383 75344
74870 74851
74701 74669
74504 74489
74219 74214
73815 73808
73656 73652
73630 73588
73448 73437
73102 73012
72761 72741
72111 72109
72005 71985
71944 71938
71876 71838
71417 71405
71399 71398
70957 70944
70906 70899
70582 70570
70461 70411
69958 69932
69905 69895
69704 69680
69672 69606
69585 69582
69543 69516
69294 69292
69225 69178
68968 68967
68952 68892
68574 68568
68391 68386
67840 67827
67716 67711
67561 67533
67527 67494
67390 67369
67290 67224
66958 66942
66772 66763
66667 66602
66585 66565
66500 66461
66282 66260
66237 66182
66010 65980
65815 65812
65763 65712
65229 65223
65168 65161
65159 64990
64964 64907
64728 64727
64678 64661
64637 64631
64455 64416
64411 64400
64367 64346
64323 64300
64245 64232
64204 64196
63969 63962
63884 63881
63873 63833
63819 63818
63673 63666
63256 63255
63246 63227
63065 63026
62947 62934
62712 62663
62229 62226
62180 62175
61871 61863
61765 61764
61740 61711
61587 61579
61245 61212
60987 60970
60703 60672
60611 60608
60569 60553
60442 60424
60372 60360
60231 60225
60028 60017
59750 59729
59633 59632
59278 59195
58968 58950
58916 58853
58817 58808
58742 58711
58662 58660
58518 58510
58353 58325
58179 58125
57992 57979
57838 57826
57823 57822
57761 57746
57688 57664
57500 57487
57218 57215
57089 57081
56861 56822
56427 56408
56170 56147
56097 56044
55840 55837
55601 55600
55594 55573
55554 55526
55419 55370
55345 55323
55240 55239
55196 55194
54969 54954
54898 54811
54754 54750
54622 54619
54599 54598
54583 54579
54468 54456
54372 54336
54036 53970
53776 53726
53415 53410
53255 53249
52798 52774
52768 52763
52754 52714
52663 52645
52368 52325
52194 52164
52163 52134
51871 51862
51824 51801
51429 51381
51348 51329
51082 51066
51003 50995
50590 50541
50515 50394
50190 50176
50016 49994
49990 49950
49725 49723
49593 49590
49416 49406
49387 49376
49345 49340
49228 49211
49172 49168
49048 49037
48926 48924
48915 48881
48725 48683
48396 48383
48280 48259
48201 48193
47632 47606
47582 47543
47520 47505
47257 47256
47143 47075
47067 47055
47007 46937
46848 46798
46693 46690
46344 46343
46239 46233
46075 46060
45968 45960
45806 45730
45420 45375
45363 45352
44612 44606
44407 44343
44277 44258
44231 44215
43795 43793
43547 43540
43536 43513
43375 43325
43204 43200
42893 42887
42886 42880
42873 42828
42811 42809
42790 42789
42691 42652
42052 42051
42039 41987
41887 41865
41745 41729
41727 41719
41646 41624
41290 41259
41192 41155
40978 40964
40935 40932
40882 40848
40707 40663
40650 40647
40562 40558
40537 40530
40246 40238
40212 40073
39875 39870
39465 39449
39327 39325
39212 39173
38860 38840
38667 38647
37565 37564
37466 37463
37420 37350
37310 37284
37257 37250
37098 37075
37034 37025
37009 37004
36956 36937
36427 36415
36171 36158
36144 36134
35958 35844
35717 35707
35362 35360
35358 35340
35325 35319
35282 35281
35182 35156
35006 34975
34957 34951
34843 34833
34825 34819
34754 34752
34748 34732
34609 34604
34332 34292
34278 34273
34270 34265
34256 34224
34216 34205
34076 34068
34004 33992
33979 33973
33952 33951
33903 33884
33766 33741
33732 33725
33557 33522
33140 33135
33126 33112
33026 32987
32835 32825
32740 32689
32594 32581
32563 32538
32222 32220
32151 32117
31970 31965
31922 31910
31897 31878
31372 31369
30777 30776
30613 30606
30372 30352
30159 30149
30029 30017
29950 29942
29814 29782
29780 29769
29713 29712
29683 29636
29176 29155
28964 28962
28918 28885
28479 28422
28365 28363
28350 28337
28236 28209
28203 28194
28061 27965
27843 27840
27734 27730
27411 27406
27297 27272
27171 27115
27030 27015
26712 26704
26622 26620
26553 26549
25997 25992
25892 25891
25653 25623
25577 25545
25534 25514
25387 25378
25263 25240
24942 24939
24865 24859
24845 24791
24488 24486
24382 24354
24223 24143
23851 23841
23825 23823
23684 23678
23171 23122
23063 22988
22864 22854
22717 22712
22652 22626
22466 22415
22390 22379
22374 22343
22038 22025
21862 21854
21852 21840
21825 21797
21659 21634
21550 21543
20719 20715
20711 20705
20617 20595
20521 20518
20122 20093
20088 20058
20029 19962
19925 19787
19754 19753
19743 19735
19477 19416
19264 19215
18791 18741
18513 18483
18188 18184
18065 18046
18037 18033
17975 17918
17570 17561
17384 17339
17248 17231
17156 17152
17121 17083
16794 16759
16664 16592
16583 16576
16547 16528
16526 16517
16402 16385
16285 16282
15963 15957
15634 15561
15369 15346
15258 15209
15080 15067
14976 14973
14545 14537
14387 14350
14237 14187
14100 14078
13692 13659
13561 13558
13544 13522
13512 13488
13424 13423
12618 12563
12357 12322
11919 11890
11656 11631
11282 11259
10797 10753
10751 10736
10716 10651
10599 10595
10580 10571
10496 10486
10367 10315
10114 10113
10066 10058
9946 9945
9928 9911
9638 9634
9593 9576
9455 9439
9380 9373
9359 9349
9323 9307
9306 9250
9174 9172
9123 9107
8604 8578
8577 8568
8547 8524
8194 8185
7963 7864
7533 7478
7477 7459
7171 7139
6793 6788
6286 6284
6270 6194
6025 5957
5833 5783
5774 5745
5503 5499
5380 5328
5312 5247
5022 5014
4833 4784
4755 4753
4658 4604
4436 4394
4311 4302
3740 3734
3699 3677
3421 3418
3333 3327
3198 3194
3166 3139
3000 2954
2951 2937
2775 2768
2599 2593
2572 2563
2461 2416
2387 2386
2257 2254
2166 2153
2040 1995
1871 1860
1819 1814
1560 1550
1501 1470
1379 1351
1042 980
605 585
536 508
125 96
89819 89773
89550 89542
89470 89465
89183 89181
87784 87779
87510 87494
87180 87154
86481 86439
85868 85863
85741 85713
85387 85373
83981 83913
83706 83705
83052 83044
82985 82964
82374 82338
81414 81409
81398 81382
81364 81356
80903 80891
80300 80285
79928 79924
79853 79801
79257 79225
78946 78944
77275 77274
77246 77242
77158 77101
76830 76808
76533 76524
76053 76039
75337 75319
74942 74926
74204 74190
73967 73952
73900 73811
72600 72564
72189 72136
72041 72029
71000 70930
70203 70172
70011 69997
69779 69717
69484 69411
69368 69358
68817 68753
68720 68699
68250 68228
67417 67410
67316 67303
67277 67270
66747 66737
66396 66333
66086 66055
66041 66039
65590 65554
65481 65473
65057 65046
64817 64806
64781 64770
64650 64628
64535 64528
64017 64016
63535 63511
62908 62904
62889 62884
62700 62696
62467 62465
62240 62234
61984 61982
61593 61580
60540 60539
60465 60460
60222 60190
60007 60002
59990 59987
59840 59787
59541 59533
59497 59476
59370 59365
59232 59225
59054 59031
58994 58969
58959 58929
58437 58391
58130 58090
57810 57809
57524 57481
57363 57353
57152 57140
56807 56805
56715 56710
55339 55252
55057 54979
54741 54734
53398 53381
53300 53267
53202 53186
52535 52485
51827 51822
51737 51691
51454 51424
51117 51084
50627 50613
49474 49463
49158 49116
49002 48998
48757 48735
47584 47550
47219 47184
46778 46775
46263 46261
45862 45857
44427 44404
43747 43706
42627 42619
42490 42452
42115 42112
41905 41901
41417 41362
41307 41221
41091 41063
39470 39467
39286 39275
39092 39091
38617 38602
37276 37234
37182 37175
36900 36878
36198 36185
35703 35701
35464 35451
35277 35274
35272 35270
35031 35003
34032 34001
33797 33781
33662 33644
33190 33185
32673 32636
32634 32620
32334 32333
31900 31884
31682 31667
30607 30603
30509 30507
29917 29873
29520 29498
29305 29285
28711 28678
28461 28454
27712 27701
27109 27070
26823 26810
26723 26721
25658 25644
25535 25528
25425 25422
23506 23470
23114 23107
22828 22808
22669 22651
22520 22497
22488 22485
22200 22161
22146 22143
22137 22133
21966 21955
20155 20146
19989 19963
19825 19785
19509 19504
18723 18704
18333 18330
18172 18150
18145 18127
18010 17988
17055 17019
16948 16896
16716 16704
16657 16650
16596 16573
16344 16324
16230 16228
15501 15454
15415 15410
14324 14315
14290 14287
14026 13976
13920 13906
13887 13883
13607 13602
13573 13557
13527 13508
13356 13347
13019 13005
12822 12796
12773 12738
12582 12577
11754 11739
11218 11161
10547 10536
10314 10306
10270 10239
10055 10006
9951 9939
9697 9692
9673 9668
9606 9573
9505 9497
9466 9440
9424 9413
9407 9392
8896 8874
8481 8473
8383 8381
7901 7882
7286 7271
7146 7127
6802 6771
6695 6680
6076 6027
5846 5838
5763 5760
5716 5712
5646 5633
5385 5347
4862 4850
4751 4738
4563 4533
4457 4427
4144 4124
3697 3664
3227 3221
2923 2910
2329 2325
2189 2151
2123 2096
1831 1818
1661 1649
501 494
384 382
86232 86223
85329 85255
66549 66476
61942 61922
56562 56541
48224 48133
47838 47809
43156 43120
41219 41197
37383 37206
35163 35113
34619 34578
32314 32212
19839 19760
14715 14675
89995 89957
89673 89650
89403 89386
89246 89165
87811 87746
87309 87274
86159 86124
85775 85696
85310 85286
84791 84715
84707 84690
84627 84604
84328 84306
84303 84269
84268 84197
83032 83031
82834 82832
82668 82649
81955 81947
80576 80511
80197 80195
79932 79896
79778 79771
79391 79368
78572 78548
78476 78473
78146 78123
77928 77908
77595 77546
77298 77218
76755 76718
76564 76548
75382 75320
74415 74370
73884 73844
73509 73505
73456 73427
73114 73110
72916 72826
72781 72762
71902 71872
70796 70780
70628 70624
70109 70080
68450 68446
68398 68375
65008 65003
64909 64902
63951 63941
63551 63528
63168 63167
61698 61688
61521 61511
61272 61228
59506 59495
59265 59252
57511 57501
56479 56475
54616 54609
53740 53688
53356 53333
53157 53146
52766 52742
52594 52529
52500 52480
52438 52405
51913 51895
50942 50930
50619 50607
49786 49760
49230 49193
48468 48444
47363 47361
47105 47086
46085 46048
45573 45561
45447 45437
45406 45389
45351 45335
44762 44723
44110 44089
43409 43374
43184 43155
43036 43024
42474 42416
41654 41651
41619 41600
41007 40984
39987 39966
39604 39576
38280 38248
38060 38003
37542 37482
37242 37224
37125 37117
36444 36407
34727 34639
34527 34488
33922 33891
33671 33646
32048 31971
30893 30890
28854 28773
27782 27764
26621 26573
26568 26546
26026 26019
25439 25412
24897 24875
24858 24857
24633 24613
23826 23804
23290 23252
23149 23120
22100 22095
22080 21971
21896 21886
21726 21658
21204 21199
20883 20877
20078 19934
19817 19816
19043 19039
18798 18709
18507 18506
17876 17845
17457 17445
17059 17022
14995 14950
14802 14796
14626 14595
14140 14119
14099 14092
13802 13796
12121 12115
10227 10209
9746 9722
9509 9506
8596 8560
7576 7569
6716 6573
4778 4708
4186 4183
3033 3012
2377 2255
2134 2124
1617 1594
1321 1291
617 609
89916 89900
89696 89672
89610 89580
89527 89523
89460 89455
89425 89392
89195 89190
89121 89093
89071 89045
88839 88801
88671 88660
88562 88535
88519 88482
88091 88040
88029 88009
87747 87734
87689 87688
86981 86850
86669 86635
86621 86618
86443 86406
86235 86178
86139 86072
85809 85787
85769 85761
85542 85515
85361 85328
85175 85163
85073 85054
84826 84766
84499 84468
84368 84317
84210 84189
84172 84168
83923 83908
83756 83707
83498 83484
82547 82527
82246 82220
82018 81992
81926 81902
81650 81620
81568 81536
81531 81527
81328 81268
81214 81197
80744 80701
80699 80666
80455 80449
80351 80340
80201 80199
80189 80173
79369 79355
79275 79268
78867 78865
78724 78714
78516 78503
78462 78386
78379 78361
78256 78241
78136 78091
77906 77876
77842 77841
77776 77762
77692 77686
77294 77264
76990 76924
76917 76889
76813 76806
76692 76652
76374 76288
76086 76078
75925 75906
75441 75426
75341 75299
75245 75227
75201 75200
75179 75176
75169 75161
74941 74939
74477 74460
74433 74425
74395 74393
74351 74322
74244 74241
74200 74196
74025 73969
73556 73535
73357 73334
73207 73193
72938 72923
72732 72667
72628 72627
72604 72596
72434 72399
72267 72243
72164 72125
71727 71685
71674 71671
71477 71472
71367 71306
71290 71289
71221 71207
71079 71055
70978 70964
70933 70917
70887 70884
70879 70841
70726 70724
70703 70690
70654 70638
70182 70147
70123 70105
69915 69907
69764 69732
69444 69406
69092 69084
69065 69032
68379 68371
68357 68347
68129 68108
68069 68031
68011 68004
67994 67988
67825 67800
67620 67608
67580 67568
67475 67451
67125 67093
66868 66837
66834 66833
66384 66370
66361 66326
66158 66141
65695 65677
65614 65564
65520 65488
65404 65389
64897 64896
64716 64694
64584 64581
64573 64551
64191 64177
64071 63994
63991 63985
63908 63889
63767 63722
63550 63538
63451 63398
63279 63259
63173 63172
63118 63087
62900 62865
62364 62363
62348 62272
62072 62065
61690 61686
61563 61528
61349 61344
61324 61305
61266 61260
61010 60989
60901 60837
60417 60394
60302 60270
59998 59975
59804 59776
59629 59562
59430 59407
59153 59092
59074 59073
58771 58747
58682 58664
58241 58223
58103 58081
57962 57958
57551 57531
57455 57448
57245 57232
57139 57118
56764 56753
56700 56672
56644 56603
56602 56584
56257 56236
55880 55857
55791 55741
55365 55347
55209 55204
55146 55142
54808 54790
54773 54758
54669 54628
54526 54520
54516 54508
54439 54407
54154 54122
53939 53933
53723 53695
53660 53621
53559 53531
53520 53513
53483 53464
53213 53206
53123 53098
52939 52931
52837 52801
52571 52551
52531 52502
52388 52371
52240 52236
52106 52085
51838 51837
51730 51670
51656 51649
51617 51607
51526 51461
51234 51205
51019 51010
50990 50983
50222 50215
50163 50120
49764 49739
49731 49728
49712 49688
49654 49641
49499 49496
49318 49314
49286 49245
49085 49054
48819 48797
48497 48494
48185 48184
47858 47837
47594 47585
46789 46785
46638 46582
46581 46576
46283 46278
46221 46181
46027 46012
45704 45698
45692 45668
45545 45505
45346 45340
