331
26863 26746
26649 26586
27204 27157
27540 27465
26913 26871
27691 27668
28585 28519
27021 27015
27788 27771
27283 27282
31667 31624
31448 31395
31920 31915
32145 32130
32759 32660
31827 31804
34232 34217
34322 34292
35575 35552
38263 38181
37213 36953
38013 37992
38517 38486
38289 38264
39945 39933
41110 40944
39011 38962
38662 38579
38576 38562
40644 40633
41164 41147
42786 42697
41968 41889
42273 42271
43264 43200
47719 47700
50361 50322
52567 52550
51853 51802
51288 51212
54764 54673
48888 48815
52077 52068
54785 54765
57704 57688
57932 57914
58080 58057
59027 58741
59499 59426
59306 59293
59242 59240
59783 59772
61841 61770
65363 65342
65026 64977
65271 65253
66331 66287
66659 66576
65524 65486
69972 69946
70476 70413
68168 68142
68611 68557
74444 74423
74536 74516
73400 73333
71909 71788
74402 74355
74028 74002
74750 74673
75424 75390
75619 75607
76102 75881
74991 74938
75489 75447
76223 76177
76928 76846
79221 79193
189 167
523 460
79775 79769
2869 2775
3312 3280
4328 4315
5100 5052
6034 6026
5882 5857
5122 5115
6464 6436
8784 8723
9984 9956
10820 10816
11322 11259
19384 19369
19977 19908
22856 22814
20059 20010
29079 29049
34150 34119
33915 33859
34585 34548
39097 39034
37826 37812
38557 38533
47465 47460
47394 47388
45901 45853
48778 48735
49468 49225
52087 52082
52881 52874
53197 53196
53311 53307
54836 54809
53251 53234
55798 55756
58231 58177
57484 57465
54409 54332
60983 60969
61623 61559
62965 62940
62096 62066
64288 64144
62352 62163
68480 68436
69110 69081
71131 71072
74137 74114
74515 74501
75275 75180
78968 78935
79930 79844
79421 79385
79575 79495
77604 77509
79628 79612
76590 76584
77199 77159
76260 76237
73599 73591
74897 74781
73217 73190
73686 73638
72190 72154
71381 71274
71214 71186
70270 70249
70084 70017
70240 70183
69898 69873
70767 70764
69821 69803
70717 70630
69317 69246
67683 67654
67196 67144
68973 68972
67110 67052
67617 67538
66157 66093
66429 66363
65882 65839
58534 58479
60887 60806
52263 52251
51359 51340
51442 51438
51784 51770
50221 50136
51127 51072
51305 51293
49975 49796
50081 49989
47687 47680
48527 48511
43157 43142
40621 40535
47128 46995
42121 42019
40303 40277
39895 39846
41877 41866
37269 37252
33957 33921
35427 35420
33183 33108
33481 33475
31891 31866
30989 30952
31377 31359
30588 30480
28112 27977
27149 27137
28891 28803
24951 24883
27380 27338
26448 26402
25161 25124
23831 23696
19800 19729
22918 22914
18576 18475
18911 18910
11501 11497
20684 20598
13318 13314
11982 11903
8711 8708
8583 8556
8515 8416
6579 6564
5241 5226
5797 5766
4069 4050
3452 3435
9476 9455
3001 2991
2955 2946
2366 2348
1526 1472
78868 78842
79161 79153
78476 78307
78063 78044
77092 77076
72292 72240
71169 71145
72891 72772
73791 73714
73529 73527
73496 73479
71062 70992
70390 70341
70163 70143
69185 69121
70604 70588
69475 69464
69560 69523
67802 67791
68008 67988
66963 66877
66565 66538
65467 65431
65229 65144
64656 64630
64595 64576
63837 63776
61979 61856
65581 65559
64942 64826
64321 64298
64728 64707
63201 63167
63750 63718
62120 62112
62896 62866
60779 60756
62502 62489
60530 60449
59896 59840
60043 60031
61541 61524
61359 61326
58723 58714
57885 57882
58238 58237
58169 58144
57781 57714
57248 57226
57334 57282
57098 57024
57276 57270
56927 56866
55754 55737
53193 53163
54900 54859
55356 55317
56640 56381
54443 54415
53589 53522
52533 52511
54258 54208
51951 51945
48402 48371
49138 49116
48129 48107
46993 46992
47991 47951
46656 46628
46616 46568
46410 46405
47425 47410
47672 47614
45279 45273
45102 45023
46541 46522
44064 43923
43412 43378
43522 43472
44526 44505
46504 46486
44835 44650
44988 44969
45000 44993
43020 43016
41484 41472
39636 39616
39795 39759
42931 42844
39587 39560
37436 37410
36887 36616
36251 36224
35880 35866
35511 35494
35371 35340
35976 35930
34927 34916
34470 34461
38069 38047
34431 34352
34764 34593
33058 33047
29896 29812
27899 27859
31512 31509
30842 30820
29743 29638
24766 24743
26727 26695
