750
397
848
531
976
917
176
164
626
893
491
351
556
431
14
74
112
132
276
186
785
538
640
652
850
983
520
312
136
121
174
212
851
483
935
875
702
425
342
362
142
440
719
944
193
776
671
311
261
283
523 449
798 180
980 79
389
240
453
750 207
888
512 496
682
396
692
267
687
870
604
713
696 306
278
999 53
997
998
558 445
783 190
931
73
743
332
778
361
650
554
111
456
120
225
210
245
742
533
268
435
677
541
596
941 175
536
309
644
473
360
792
922
880
968 86
730
181
50
189
724
201
923
439
348
551
38
666 269
377
781 161
166
296
633 384
320
913
746
806 158
3
387
974 68
916 97
704
279
898 291
950
908
391
19
139
928 57
725
907
663
251
761
479
559
887
197
654
945 84
90
828 85
736
301
488
606
13
485
637 337
202
468
216
495 2
972
329
504
732
793 131
203
824 119
546
404
370
979 69
673 542
855
25
599 390
83
217
127
62
981 0
576
229
773 206
451
745
668 257
567
23
779
927 55
48
688
715 226
768
145
260
92
657 250
545 529
300
810 163
864
689 290
588
562 6
570
951
125
709 359
820
109
275
899
890
630 487
547 405
728
942
381
731 214
582 375
759 271
595 266
241
871 218
28
590 338
769 171
609 373
774 168
802
962
985 54
103
294
517 492
765 307
632 432
503 501
967 47
22
897 66
953 30
528 437
756
423
805 244
211
583 490
711 234
737 227
771
818 160
857 165
720 224
717 215
78
286
841 156
544 394
572 518
579 465
571 525
891 129
879 173
862 144
474 459
994
918 128
882 116
684 238
876 102
631 484
573 382
873 105
643 407
760 297
993 31
452 12
471 263
996 36
858 138
497
524 461
701 368
681 336
509
557
903 115
522 475
984 32
454 444
847 20
937 80
832 137
585 353
665 438
676 248
813 243
770 231
543 249
675 345
930 96
973 18
662 371
817 200
814 51
833 182
758 172
840 155
714 401
796 91
932 99
670 415
470 339
995 8
620 447
726 304
408 372
721 162
469 341
744 118
661 114
521 262
797 94
856 153
511 289
455 424
982 44
991 26
409 344
800 236
912 133
581 204
846 195
915 93
885 150
653 388
703 327
615 183
617 458
881 130
929 101
960 67
894 15
482 422
740 386
686 413
751 256
392 10
835 157
837 88
853 147
513 481
789 280
619 169
947 40
861 27
553 242
494 410
943 146
988 52
735 402
795 108
808 270
801 259
866 199
956 72
965 61
825 188
612 443
705 321
949 76
625 414
416
952 124
664 350
838 126
607 510
834 123
977 49
624 355
622 365
580 428
958 65
716 318
683 527
697 330
957 95
872 134
537 383
695 273
636 343
889
651 288
89
911 143
763 252
753 198
794 285
534 434
628 366
566 426
990 46
788 310
429
550
674 376
196
436
969
934 59
287
113
516
4
314
34
577 464
480
896
638
706
836
277
254
710 331
910 58
601 385
563 478
920 151
179
364
81
450
660 335
608 498
603 322
754
919 71
472
816 223
87
561
70
154
868 82
698 246
302
367
587 398
961 37
578 403
247
255
924
219
685 476
723
499
532
149
645
700 466
228
281
867
328
393
902 104
508
539
406
446
939
5
860
21
535 64
433
41
605
964
815
467
775
906
500
623
502
830
594
712
618 589
187
892 152
507
782 395
755
616
75
555
954
803
457
762 417
708
886
679
819
313
749 221
900
729
812
629
757
777
148
411
877
799
167
11
921
821
634 586
659 548
752 419
349
739
98
347
946 117
648
292
940 185
584
412
884 295
614
7
963
883 399
208
852
878
829
992
641
901 264
564 427
722
978
926
568 418
635 552
463
905
909 191
831
35
358
233
530
627
904 237
9
60
718
600 324
106
265
823
844
936
678
747
987
272
159
613
727
305
707
462
970
575
549
460
874
845
986
610
178
839
352
598 363
170
421
787
177
560
213
442
29
39
786
400
232
863
591
699 253
526
597
284
669
865
804
299
1
298
45
811
209
63
505
140
925
430
333
319
656
693
849
100
826
493
24
184
565
854
379
303
593
514
222
869
274
574
807
827
519
235
611
741
230
733
378
933
356
334
506
975
369
486
690
790
842
346
540
791
326
667
658
672
809
77
205
680
602
220
239
647
639
315
966
843
822
380
489
110
293
938
694
107
258
895
420
316
621
323
914
448
325
441
649
655
374
340
859
772
354
357
317
691
515
569
959
592
43
122
141
646
766
784
738
764
955
780
767
16
135
17
33
477
42
192
642
194
282
308
734
748
948
971
989
56
