1337
58331
14956
121
18642
21790
19714
7665
3290
6605
10751
9431
2556
10762
14608
16629
4302
30930
28890
410
228
5105
15407
22133
2488
28273
17951
20375
10038
11470
8933
27198
4347
2657
20686
6846
933
56276
26003
37631
4915
6197
9602
3673
3959
8349
9463
4947
14950
40406
10400
1382
10606
4794
52752
17737
3983
5588
1244
21181
44651
1652
34972
20492
8895
1435
4521
6718
26541
1597
760
10998
14729
5874
4446
803
11862
43670
5542
20321
13678
3933
1436
1573
5301
15623
44679
1768
313
29717
21373
16256
4240
5622
3264
13620
6656
25902
8046
17075
30196
15895
14372
11491
18465
15587
21284
20451
38333
887
47971
7365
5763
7483
2499
4156
7048
22382
18575
5070
20441
6948
37948
3123
11020
3965
11990
39572
18144
10125
4636
7626
17454
4629
8747
16503
19669
14748
13758
1178
16271
7482
2095
72716
2698
14060
1931
58336
10535
18692
416
16093
1308
22996
6010
9599
38507
1700
4447
13725
11867
8899
11797
45167
16252
7669
542
5818
55631
8486
41720
4145
9172
24642
60170
24807
11041
30374
11452
8808
4846
9105
16275
7507
660
15165
8996
14144
10862
9734
3686
11910
15774
17994
4333
3577
70859
33700
7399
27207
7166
33865
13560
25953
7649
31424
12112
16355
4490
7179
2076
809
11824
44576
21379
1495
8690
41235
29137
4712
15281
26701
12023
29617
16059
12660
31793
22188
2536
43448
4108
11807
11671
16474
7733
1675
15458
22674
8078
2598
22335
7543
6607
2012
3600
3477
8285
14879
16341
29702
27326
14219
24504
30478
14404
22291
11089
34640
18780
2707
12985
12094
1628
20621
26098
27504
1848
31014
7825
1904
314
3894
2831
3345
11606
38329
4624
11039
1163
27144
19759
38077
10655
22115
7196
34688
16597
46059
1269
13063
5953
8930
6329
3902
3640
12022
24619
769
4071
449
6993
8088
8887
3658
12973
11400
1566
2533
5239
8493
26536
40358
5807
9234
3344
9129
52727
2857
9308
18413
5557
23051
23983
8097
16859
11259
57687
3761
9806
41991
290
13848
34480
34200
14991
24162
21004
35477
53492
4965
26317
20251
4652
6971
3932
33124
33626
5895
1045
20766
45898
30572
10903
22789
12335
16579
22193
37901
3363
7350
28451
7065
382
11099
33042
56223
1590
475
1506
1231
24742
70436
32709
24810
26199
15844
1691
18510
7405
9465
10947
30898
5083
15821
7275
5257
9989
9967
1954
27955
7031
6859
15340
25760
25845
25995
15980
8433
23108
62812
3334
7461
23948
13381
2015
40801
1159
9325
1967
18284
4035
14659
14189
5786
27734
2986
629
16384
10035
13158
12171
1705
48128
48024
5975
26912
4114
40085
21153
2364
11364
10439
7672
16802
3356
765
7719
51052
39064
39462
4786
61710
15978
13846
14719
3055
16946
13935
3764
4590
20367
33060
2449
2946
20768
5357
22797
324
4019
40478
56701
28198
2372
39561
2555
21610
1745
10501
11241
8952
13919
16582
4243
551
17428
40273
3377
39076
18182
22497
23989
22752
13425
459
13637
12717
5013
25251
901
5958
1208
17072
4607
4529
16910
12342
4978
6909
13206
21865
50710
1413
22656
6200
8431
6937
30181
12247
3198
40598
11349
8035
131
834
17135
31123
5267
4793
6138
9762
26076
6864
7466
12594
16259
6514
23833
19323
7536
26309
54029
4419
19034
15603
5685
2544
25367
2086
5719
8631
1245
1037
1962
5567
17572
1874
39598
19961
24090
24204
6588
14171
4437
23119
858
22240
2592
6681
4780
17473
1772
24972
24111
27965
23065
21439
2374
11659
27240
29621
8656
1736
7502
16828
23694
5315
8641
6849
9627
10199
746
13944
27204
2252
12883
8030
11665
33630
8723
14434
21215
18664
48444
38131
39456
532
20972
2663
36001
43760
38237
29692
24365
1541
11554
12807
13352
47509
17112
12372
716
27691
6976
1190
150
4165
39695
1953
19523
1548
15330
51356
7740
42206
7155
998
247
14575
18279
3647
14944
2539
47914
32537
14362
28733
11710
2231
7383
5821
821
47267
38679
12000
4195
22403
15953
53797
11992
36986
20712
66755
18853
16234
11636
24010
16678
12522
7777
7192
5729
352
3745
7816
14113
8757
2559
62693
50905
41540
31338
3374
39677
20331
9402
19456
1340
15184
42967
4790
26879
25816
8154
33675
1132
11703
11791
37159
45738
3569
25703
1655
95
55887
7075
3174
21883
19341
10749
16157
27017
59220
15004
26182
21697
19941
9907
6686
5500
20042
67289
12974
977
20825
13610
2413
12399
149
27934
3934
5896
4284
18548
1823
23071
29727
3539
9996
19254
44111
7508
1558
65
52107
854
9421
9027
27643
19302
31022
9395
9674
18517
50443
20973
43863
21222
6719
14196
1033
126
6402
329
7607
4996
32005
33205
13991
268
19258
608
4581
2362
2070
18772
4638
23585
12693
4476
20463
16465
12052
66117
23328
2046
10679
18942
17727
9808
14691
4129
17713
862
4563
20486
22138
69364
20400
40112
11012
57704
52825
3146
28797
4007
2688
11065
15768
5852
14678
5664
39469
9700
5879
4613
17418
1800
38277
11679
15483
36264
13700
1416
21061
11823
23381
31173
19728
14400
21421
12867
10970
11795
12808
7750
41340
4838
23233
53353
22578
7410
420
21404
6280
34340
14808
5481
1417
39022
19960
39987
19378
7689
23761
68431
10014
1425
41148
73678
25254
40942
3953
4352
32841
18759
10043
33049
4642
5927
21678
20094
22969
15550
878
43573
17998
280
495
5449
8669
9641
4843
24173
35342
7493
8079
461
51618
30463
9446
21559
36142
2911
5537
5533
26587
24212
20018
5020
43642
22523
24120
15679
331
5428
6469
8665
33678
33133
11286
30578
36521
8156
22509
31872
40865
10573
16947
4609
7491
7748
3075
1222
13342
1712
7747
9722
50751
18289
12116
10433
22324
12495
12810
70764
4133
23000
9399
12543
11683
153
33464
16165
8322
14413
29958
6416
5720
9955
199
16791
6542
5001
10754
37193
4176
6302
5248
29195
17445
36810
20152
9679
3077
9365
21493
9050
33129
2250
6213
7965
6000
7918
18523
2071
7253
21794
46729
28666
12997
48707
9878
10977
19639
33380
3329
1630
18044
11930
59009
20785
16622
13330
34483
1180
10328
156
21887
35527
3810
462
30712
6748
12869
9863
7278
13947
31477
13813
9334
43835
2353
8102
11146
22432
14067
792
39331
19038
16774
25522
2329
10287
19388
18440
5312
8998
482
19849
1724
15486
15242
35255
8239
19529
6221
37798
35109
33015
27029
18113
11050
3309
22946
2687
6995
3816
16094
13708
0
6674
5162
21043
1486
15294
1635
3426
28246
42212
1799
48545
2948
22151
14447
17496
5374
2968
73120
875
38159
25606
5869
13161
5096
47765
14635
5564
8019
4488
12427
29639
21426
28792
9022
15746
19021
41979
22265
17038
6898
47457
2313
35588
7332
2428
14976
3678
342
13027
24588
33828
2565
21852
10833
7030
74894
50421
11971
9336
30629
8535
26101
47873
20001
6244
1322
5726
26468
9174
57615
14569
8051
15749
19086
20487
26427
52587
44622
10733
308
25569
16084
29591
15364
3085
27437
594
11331
5108
4886
2022
24236
8080
160
2154
34516
10828
825
25311
5880
35392
1653
35143
54308
7933
1621
1594
37919
10717
2703
4824
12447
9081
13578
5399
980
6825
26867
9931
1350
50182
959
15989
46283
11001
14728
21893
8606
46997
7730
19198
8419
3069
17526
10465
7917
5741
24081
16455
5019
26448
11719
1363
19362
6757
1840
30909
5707
16264
1984
6399
15133
47689
72595
7539
3141
597
1241
6154
13994
21573
6786
9820
9926
8882
804
7055
13150
8762
16482
10545
4200
33681
12319
1239
7681
5240
737
16662
1290
15699
6977
3888
1839
8681
30915
1789
15085
9949
2446
19295
6342
14651
50049
2101
21997
53051
5095
10218
7316
3862
17934
3719
143
7140
3968
41728
45575
18788
5206
3090
9033
20345
6996
25655
4866
32356
14363
13621
3791
22407
9313
1998
25285
12486
7142
25137
4135
33757
34002
18873
5463
18825
14942
4616
11239
1430
262
14675
19482
15220
11988
4826
28961
1043
10469
43233
5432
7221
26323
24857
23040
38895
53134
6620
2279
7859
24591
26626
11983
7722
55609
12135
2517
16970
2438
6151
1027
4213
9624
1556
5307
6621
723
22309
26744
47552
4985
12978
14327
14128
2158
2509
41335
2764
30974
13154
1726
29357
2118
1483
9982
60241
18682
32616
35758
6267
21041
