750
354
983
520
767
489
110
593
303
506
334
132
276
186
785
538
640
652
733
230
741
611
235
519
822
843
453
875
293
900
804
299
554
240
565
742
533
702
888
142
493
826
100
77
713
604
870
213
656
743
73
727
613
305
933
356
992
641
998
997
864
647
500
718
60
9
184
755
616
473
360
819
679
729
922
880
972
139
815
467
456
935
48
839
178
279
704
159
370
404
233
358
35
349
209
777
757
429
176
614
7
963
779
411
148
848
381
845
712
594
830
502
623
435
268
516
265
70
561
202
468
25
855
193
994
287
211
736
301
90
307 660
3
576
560
771
877
532
149
645
208
852
878
89
300
63
872 2
896
19
707
462
81
725
433
41
321 882
480
745
130 773
451
406
508
539
625 390
144 61
677
820
109
275
984 828
573 501
436
196
254
277
836
706
638
913
689 353
746
283
732
504
329
241
763 266
426 651
297 911
937 910
424 535
728
44 979
654
197
124 965
588
760 223
27 999
537 343
318 637
173 930
52 806
259 919
78
286
388 759
950
622 492
862 46
410 608
31 0
92
688
365 715
450
619 306
83
249 603
524 589
34
314
4
833 116
988 58
792
857 238
583 464
794 218
408 512
805 250
455 484
150 941
382 684
101 968
525 580
146 958
703 257
936
814 104
544 337
993 86
28
837 97
686 527
256 884
472
313
402 782
471 427
932 85
350 758
155 909
50
195 904
179
832 161
534 563
490 601
841 59
572 529
302
367
973 168
695 338
952 171
40 123
393
133 731
364
681 375
800 214
11
511 418
18 967
72 793
125
387
138 717
182 934
956 82
252 818
154
701 269
137 720
770 215
114 892
629
543 398
606
13
737 288
454 487
947 897
108 902
929 191
330 871
94 916
407 710
216
609 495
716 248
290 774
825 128
227 838
499
723
270 668
401 788
371 789
674 335
518 599
856 291
118 798
726 246
853 55
697 280
813 399
662 359
422 607
817 395
345 816
802
835 71
273 810
751 417
547 517
581 324
93 96
49 824
643 385
481 635
567
23
437 590
960 185
624 478
797 152
915 928
243 898
236 676
409 496
285 918
67 974
244 834
151 957
796 180
87
765 224
469 449
372 558
653 366
885 237
444 510
452 498
153 940
105 946
866 234
165 949
873 264
376 632
383 631
795 190
571 545
497
461 673
474 582
26 37
386 883
482 432
91 945
615 322
861 79
88 980
344 564
157 990
846 295
943 172
879 226
289 587
231 698
327 636
912 119
670 542
528 579
10 57
521 403
51 985
562 577
553 363
513 634
522 618
443 628
263 598
156 36
394 630
620 552
304 666
8 69
368 633
262 600
661 253
721 221
15 68
32 126
664 465
894 54
665 548
129 76
127
183 749
162 783
438 700
80 102
470 445
415 752
995 53
405 657
20 64
134 65
12 163
881 131
617 586
735 466
38
341 568
475 659
115 95
801 143
808 206
991 117
982 175
744 207
242 696
459 585
494 384
113
847 84
740 419
30 160
99 781
339 578
739
200 901
858 158
458 683
169 750
977 66
181
22
775
906
414 709
416
920 198
488
413 762
964
605
867
328
228
336 769
675 331
903 961
840 310
447 685
831
392 523
355 753
612 428
188 927
891 981
860
5
566 503
546
705 271
803
199 876
6 996
714 476
204 699
939
526
147 47
217
550
187
434 595
247
255
924
219
278
953 868
962
648
509
557
799
167
260
145
768
373 711
761
479
559
887
812
644
309
536
954
555
890
899
756
423
111
201
724
189
969
294
103
439
348
551
951
570
320
281
889
923
323
98
347
907
663
251
596
485
921
821
296
166
942
541
457
463
905
844
823
460
874
549
391
908
627
203
21
272
987
292
120
507
430
333
597
650
361
778
332
396
986
530
245
210
225
229
232
389
352
584
412
440
719
944
671
776
926
754
298
62
400
261
311
610
970
575
267
692
669
865
786
708
886
811
45
421
106
446
29
39
239
442
514
222
869
274
682
486
369
975
687
849
863
591
850
931
574
807
978
722
827
75
491
284
342
362
425
377
346
378
667
177
787
312
136
140
925
112
74
483
851
212
174
121
540
24
766
205
680
602
319
258
107
340
859
379
854
694
351
809
380
693
917
976
690
790
842
592
14
431
556
959
515
164
626
893
170
1
658
672
374
655
649
441
325
829
16
531
315
966
791
326
895
420
316
621
678
747
955
764
357
317
691
397
730
308
738
772
914
448
938
17
33
477
42
43
122
141
646
784
135
192
642
194
220
282
505
569
639
734
748
780
948
971
989
56
