303
73686 73638
79930 79844
79628 79612
79575 79495
79421 79385
78968 78935
77604 77509
77199 77159
76590 76584
76260 76237
75275 75180
74897 74781
74515 74501
74137 74114
73599 73591
73217 73190
72190 72154
71381 71274
71214 71186
71131 71072
70767 70764
70717 70630
70270 70249
70240 70183
70084 70017
69898 69873
69821 69803
69317 69246
69110 69081
68973 68972
68480 68436
67683 67654
67617 67538
67196 67144
67110 67052
66429 66363
66157 66093
65882 65839
64288 64144
62965 62940
62352 62163
62096 62066
61623 61559
60983 60969
60887 60806
58534 58479
58231 58177
57484 57465
55798 55756
54836 54809
54409 54332
53311 53307
53251 53234
53197 53196
52881 52874
52263 52251
52087 52082
51784 51770
51442 51438
51359 51340
51305 51293
51127 51072
50221 50136
50081 49989
49975 49796
49468 49225
48778 48735
48527 48511
47687 47680
47465 47460
47394 47388
47128 46995
45901 45853
43157 43142
42121 42019
41877 41866
40621 40535
40303 40277
39895 39846
39097 39034
38557 38533
37826 37812
37269 37252
35427 35420
34585 34548
34150 34119
33957 33921
33915 33859
33481 33475
33183 33108
31891 31866
31377 31359
30989 30952
30588 30480
29079 29049
28891 28803
28112 27977
27380 27338
27149 27137
26448 26402
25161 25124
24951 24883
23831 23696
22918 22914
22856 22814
20684 20598
20059 20010
19977 19908
19800 19729
19384 19369
18911 18910
18576 18475
13318 13314
11982 11903
11501 11497
11322 11259
10820 10816
9984 9956
9476 9455
8784 8723
8711 8708
8583 8556
8515 8416
6579 6564
6464 6436
6034 6026
5882 5857
5797 5766
5241 5226
5122 5115
5100 5052
4328 4315
4069 4050
3452 3435
3312 3280
3001 2991
2955 2946
2869 2775
2366 2348
1526 1472
523 460
189 167
79775 79769
79221 79193
79161 79153
78868 78842
78476 78307
78063 78044
77092 77076
76928 76846
76223 76177
76102 75881
75619 75607
75489 75447
75424 75390
74991 74938
74750 74673
74536 74516
74444 74423
74402 74355
74028 74002
73791 73714
73529 73527
73496 73479
73400 73333
72891 72772
72292 72240
71909 71788
71169 71145
71062 70992
70604 70588
70476 70413
70390 70341
70163 70143
69972 69946
69560 69523
69475 69464
69185 69121
68611 68557
68168 68142
68008 67988
67802 67791
66963 66877
66659 66576
66565 66538
66331 66287
65581 65559
65524 65486
65467 65431
65363 65342
65271 65253
65229 65144
65026 64977
64942 64826
64728 64707
64656 64630
64595 64576
64321 64298
63837 63776
63750 63718
63201 63167
62896 62866
62502 62489
62120 62112
61979 61856
61841 61770
61541 61524
61359 61326
60779 60756
60530 60449
60043 60031
59896 59840
59783 59772
59499 59426
59306 59293
59242 59240
59027 58741
58723 58714
58238 58237
58169 58144
58080 58057
57932 57914
57885 57882
57781 57714
57704 57688
57334 57282
57276 57270
57248 57226
57098 57024
56927 56866
56640 56381
55754 55737
55356 55317
54900 54859
54785 54765
54764 54673
54443 54415
54258 54208
53589 53522
53193 53163
52567 52550
52533 52511
52077 52068
51951 51945
51853 51802
51288 51212
50361 50322
49138 49116
48888 48815
48402 48371
48129 48107
47991 47951
47719 47700
47672 47614
47425 47410
46993 46992
46656 46628
46616 46568
46541 46522
46504 46486
46410 46405
45279 45273
45102 45023
45000 44993
44988 44969
44835 44650
44526 44505
44064 43923
43522 43472
43412 43378
43264 43200
43020 43016
42931 42844
42786 42697
42273 42271
41968 41889
41484 41472
41164 41147
41110 40944
40644 40633
39945 39933
39795 39759
39636 39616
39587 39560
39011 38962
38662 38579
38576 38562
38517 38486
38289 38264
38263 38181
38069 38047
38013 37992
37436 37410
37213 36953
36887 36616
36251 36224
35976 35930
35880 35866
35575 35552
35511 35494
35371 35340
34927 34916
34764 34593
