8131
52813 52798
52507 52504
52834 52817
52907 52905
53607 53598
52792 52776
54534 54520
55095 55054
53375 53374
54433 54423
54721 54646
56114 56088
56601 56558
55542 55540
54906 54894
56973 56956
54437 54435
55520 55507
56398 56395
56871 56858
57053 57012
58724 58716
58982 58936
60310 60306
60114 60074
61603 61596
61063 61050
59346 59316
60133 60124
60057 60050
61034 61021
62009 62000
62990 62941
63138 63111
63405 63397
64841 64828
66064 66062
66367 66366
66199 66178
66953 66948
66257 66239
66639 66628
67716 67663
69224 69222
69703 69699
70116 70110
68025 67993
70167 70154
69774 69773
70150 70145
70543 70528
70046 70021
70375 70332
71425 71399
72196 72193
72711 72694
73508 73480
73647 73630
73676 73669
73967 73965
73625 73541
75553 75542
75923 75917
77089 77087
77537 77536
77911 77888
77338 77304
77223 77217
77301 77263
77242 77227
78194 78177
78132 78126
78081 78080
79143 79125
79458 79446
7319 7301
515 479
78725 78712
31661 31633
24189 24187
28797 28793
34317 34304
32250 32247
37162 37151
32946 32885
46063 46043
37764 37733
40207 40201
49173 49171
41051 41036
62371 62281
70567 70561
67673 67668
67609 67593
74399 74389
72703 72702
34974 34966
75169 75143
75634 75600
18416 18414
77802 77795
538 533
38398 38387
38412 38399
333 286
763 746
126 87
362 345
567 551
1616 1605
2136 2099
2758 2739
1182 1174
2373 2343
2442 2384
2326 2322
3872 3842
2473 2461
2902 2896
3326 3303
2504 2497
3030 2931
5303 5246
4672 4650
5782 5751
7056 7010
6706 6676
5630 5620
5748 5747
6809 6802
6575 6553
7067 7065
7613 7575
7446 7381
7859 7835
8210 8208
7797 7795
8036 8022
8707 8706
8702 8667
8620 8599
9168 9147
9493 9471
8889 8887
9194 9170
9321 9309
9277 9272
10154 10115
10979 10963
10909 10902
10182 10181
11203 11198
10519 10499
11747 11738
11718 11645
12294 12279
12963 12951
13190 13189
13336 13328
13188 13176
13491 13470
13703 13694
13739 13719
14211 14207
17264 17189
16900 16865
17346 17309
17387 17386
17761 17741
18250 18236
18365 18357
18538 18533
18713 18677
19584 19548
19195 19191
19255 19249
18644 18606
19441 19419
19542 19529
20454 20435
22728 22717
22334 22304
22762 22735
21762 21760
22590 22588
23354 23343
22927 22907
25131 25105
23333 23314
23842 23813
23910 23880
24113 24111
24143 24116
24693 24676
25361 25360
25548 25467
25587 25566
26122 26116
26434 26428
26312 26296
26361 26351
25659 25653
27659 27630
26881 26870
28289 28278
27447 27432
28625 28623
27907 27898
27988 27983
28232 28180
29517 29514
28606 28582
28799 28795
28717 28690
29045 29013
29976 29966
30032 30003
30040 30034
30855 30816
31787 31728
32013 32004
31916 31901
31962 31940
32397 32368
32548 32539
33060 33043
33022 33004
33001 32974
33649 33647
33599 33596
33949 33945
34261 34252
34194 34157
34595 34583
34725 34707
35812 35781
36341 36334
35531 35528
35342 35331
37129 37126
35916 35877
35947 35932
36111 36103
36451 36449
36381 36356
36629 36618
36808 36714
36667 36662
37391 37363
36856 36850
36593 36575
37215 37214
37918 37898
38055 37999
38402 38316
38245 38205
38603 38594
38405 38404
39273 39255
38554 38545
38904 38889
38473 38471
38926 38924
40168 40146
39862 39835
39971 39934
40538 40537
40925 40899
39695 39658
40828 40818
40622 40617
41107 41100
41236 41233
41374 41353
41334 41311
41541 41534
41194 41191
41642 41641
41871 41853
42189 42182
42474 42399
42577 42567
42848 42827
42538 42484
42932 42928
43446 43443
43574 43539
44560 44554
43620 43578
44672 44668
44316 44270
45331 45323
45536 45478
45637 45619
45931 45928
45925 45909
47768 47745
48368 48341
49374 49336
49073 49064
49273 49255
49970 49959
50336 50330
50547 50525
50783 50777
51016 51000
51119 51076
51721 51673
51460 51454
51905 51886
52335 52314
52266 52249
52462 52447
53506 53475
53009 52990
53530 53526
54876 54781
54376 54349
54744 54741
55584 55556
55251 55227
54639 54632
55525 55522
55043 54951
56434 56430
56525 56494
56531 56529
57000 56991
56882 56877
57552 57543
57470 57448
57594 57577
57677 57595
58224 58223
58321 58306
58407 58360
58292 58226
58799 58798
58677 58655
58814 58801
59179 59169
59712 59695
60150 60139
59950 59938
60018 60007
60534 60492
60571 60537
60405 60387
60816 60773
60884 60858
60738 60726
63836 63831
62448 62432
61752 61729
62378 62356
62410 62398
63536 63521
64235 64227
64297 64293
64416 64409
64946 64930
64523 64484
65046 65037
65368 65343
65433 65389
65616 65603
65709 65652
65723 65714
67743 67737
68610 68598
68758 68751
70192 70185
70621 70620
70628 70623
70698 70631
71043 71030
71060 71058
71168 71155
71687 71686
71647 71621
71968 71961
72039 72035
74161 74139
74290 74281
74491 74479
74555 74540
74889 74886
75323 75321
75448 75392
75576 75575
75582 75577
76424 76423
76208 76188
76566 76565
77396 77383
78840 78837
79227 79203
2987 2976
3075 3048
4359 4355
3112 3106
5632 5622
437 389
5771 5757
6675 6650
4314 4295
4348 4324
3934 3918
7421 7404
6627 6624
6902 6901
6235 6231
8158 8125
12589 12557
13073 13061
10933 10907
14142 14134
14427 14396
12278 12269
13261 13254
12964 12945
16747 16728
20749 20744
17069 17033
16967 16965
18152 18127
17945 17914
17570 17536
20034 20002
21667 21625
26731 26728
24602 24579
27423 27387
28392 28316
33267 33252
33930 33884
34731 34720
35654 35641
37245 37180
37915 37906
38478 38472
42404 42395
47748 47739
42811 42760
46898 46894
42654 42651
52088 52034
53246 53242
57027 57020
55128 55127
57987 57986
58804 58790
57613 57604
58017 58011
62416 62407
58320 58312
60285 60278
63799 63797
58709 58692
58563 58561
57551 57513
61981 61949
65420 65383
64966 64904
64997 64989
65292 65245
64744 64742
67412 67411
67564 67557
68219 68215
68729 68715
69683 69673
72620 72609
73304 73295
72865 72855
76718 76710
77320 77319
76205 76186
78464 78463
77272 77252
77522 77465
76468 76457
78961 78887
79367 79327
2601 2521
27215 27198
13311 13287
39549 39544
41667 41628
71575 71573
72486 72482
8435 8427
86 81
1389 1358
464 455
1349 1334
1644 1642
2167 2147
1900 1889
3362 3361
4373 4338
3911 3909
3924 3912
3082 3061
3899 3895
3633 3618
3588 3560
4153 4133
3782 3775
6193 6176
6032 6030
6983 6955
6429 6403
6670 6666
6630 6611
6717 6714
8442 8441
9050 9041
9361 9346
10717 10669
9682 9675
10000 9949
10100 10058
9859 9842
10563 10560
11454 11444
11106 11055
11514 11491
11297 11291
12451 12434
13362 13338
14841 14840
13547 13529
13418 13405
14391 14386
13467 13463
14813 14808
14571 14567
15034 15024
15162 15155
15401 15388
14732 14713
15197 15187
15502 15469
15670 15654
15762 15760
16173 16162
16304 16261
16001 15956
19152 19151
19331 19325
20069 20058
21467 21435
20892 20880
23230 23222
21575 21553
22173 22137
22888 22883
22446 22442
25278 25267
24742 24737
24347 24346
25382 25370
24069 24017
26809 26805
26106 26097
25624 25597
27159 27118
26157 26135
26016 26004
29238 29237
28629 28627
29178 29169
28785 28765
29134 29119
30131 30102
29754 29724
30579 30569
30812 30795
32968 32925
33959 33953
33083 33080
33627 33607
33943 33942
35041 35006
35306 35298
35326 35321
35317 35315
36838 36816
37593 37559
37617 37603
37729 37728
37765 37749
38118 38086
41306 41298
41165 41152
40800 40791
40424 40419
40476 40445
41232 41213
41736 41696
42387 42358
41954 41926
42566 42555
42998 42970
43777 43741
43135 43111
42966 42954
44055 44019
44716 44701
44819 44799
45150 45123
44660 44604
45375 45370
45410 45376
47048 47045
47121 47117
46284 46278
46716 46713
47478 47438
47735 47721
47149 47146
48288 48260
48245 48233
48898 48880
49429 49414
49406 49405
50997 50986
51053 51042
51575 51571
51474 51462
51404 51362
51273 51206
51849 51794
52940 52939
53090 53068
52859 52840
52762 52760
53584 53554
54247 54245
53687 53654
55217 55191
55547 55546
55697 55691
56365 56328
55934 55914
58065 58049
58600 58582
59058 59044
59466 59464
59040 59035
60951 60946
61044 61035
61234 61225
61338 61289
61784 61768
62153 62131
62568 62564
62481 62450
62937 62936
63025 62999
62820 62810
64073 64058
63518 63509
63643 63640
63808 63802
63608 63602
64104 64085
64696 64686
64671 64662
65629 65625
66299 66266
65520 65518
65582 65579
66408 66379
65865 65801
68257 68220
68314 68268
68512 68502
69595 69582
69580 69576
71203 71182
71545 71526
70787 70756
71469 71466
71956 71944
71580 71566
71996 71992
71604 71595
72434 72424
72725 72719
73170 73159
73131 73129
73534 73515
73238 73210
74097 74091
74234 74190
74425 74419
74502 74497
75101 75094
75766 75717
75822 75792
75963 75949
76249 76209
76989 76964
76682 76668
76301 76273
77980 77976
77527 77499
78370 78353
78988 78986
78875 78847
79656 79624
78921 78877
79896 79861
628 625
1215 1107
726 714
3128 3124
3305 3276
2970 2969
4129 4108
3841 3826
5577 5558
4883 4873
4849 4847
5519 5476
5854 5846
5971 5969
5745 5738
6501 6419
9023 9022
9190 9179
9165 9121
9913 9911
9756 9753
10009 9962
9831 9823
12910 12885
12785 12766
13875 13848
14062 14030
15306 15300
15347 15344
15506 15475
16383 16353
16614 16612
15786 15765
15865 15863
17018 16969
17186 17180
17588 17575
18096 18062
18421 18415
19864 19823
19933 19916
19671 19670
19351 19337
20225 20223
19680 19673
19698 19685
20269 20262
20131 20118
21421 21409
22604 22579
21682 21674
23641 23621
24455 24425
24279 24241
24780 24753
24672 24665
24945 24944
25348 25332
25230 25209
25531 25527
27117 27101
27694 27676
28614 28609
29457 29415
29348 29341
29658 29654
29362 29358
29874 29869
30421 30384
30532 30516
30835 30801
30749 30708
30230 30212
31114 31112
32000 31978
32780 32778
33076 33062
34698 34644
35224 35191
35706 35672
36009 36001
37478 37466
35933 35887
35977 35950
36427 36422
38148 38144
38442 38409
39708 39681
40017 39985
40762 40756
42157 42115
44525 44523
45744 45741
45028 45018
45224 45217
45823 45779
46023 46003
45528 45526
46143 46140
46639 46602
46364 46332
48293 48289
48751 48715
48683 48661
48845 48806
48858 48850
49034 49001
49204 49192
48693 48690
50281 50280
50232 50218
51453 51447
51719 51716
52144 52117
51674 51669
52912 52900
51977 51946
53318 53300
54011 53993
54107 54063
54207 54202
56887 56884
57453 57403
58503 58496
58459 58434
59404 59388
58949 58934
59478 59470
59598 59578
61448 61429
61635 61630
61819 61807
61354 61332
61185 61120
61469 61467
63188 63187
63510 63508
64051 63992
63372 63363
64457 64406
64342 64324
64294 64284
64322 64307
64722 64701
64524 64478
65017 65003
66080 66047
65130 65124
66716 66706
66832 66813
67377 67316
68053 68036
67528 67523
68153 68145
68295 68281
68134 68128
70040 70030
70123 70109
71833 71813
71791 71766
70641 70636
71912 71907
71196 71195
71739 71730
71971 71916
72446 72445
72527 72511
72591 72581
72558 72545
72428 72411
73211 73195
73681 73652
73290 73228
74510 74488
74910 74880
74782 74749
75500 75491
75037 74932
76652 76645
73796 73792
75718 75670
75883 75800
76246 76245
76991 76979
77084 77030
77426 77413
79030 79023
79076 79070
79619 79565
77965 77898
79810 79797
79787 79742
1995 1978
15146 15145
13837 13830
17569 17565
15504 15416
16945 16914
18858 18848
17737 17736
12469 12445
21280 21277
26334 26327
24118 24110
22821 22818
36152 36145
43008 42994
35955 35952
44938 44929
49237 49198
49479 49464
53814 53808
52886 52839
55624 55593
56619 56585
53226 53200
68945 68942
70741 70725
70758 70753
76881 76880
76929 76883
26022 26012
752 745
79235 79230
618 608
91 85
388 380
904 881
1410 1359
1857 1855
1848 1733
1968 1863
2044 2019
3594 3591
3978 3974
3794 3730
4840 4791
4746 4742
6004 5987
6182 6181
6252 6242
8400 8395
8256 8229
8361 8359
8530 8489
8875 8834
8809 8798
8943 8930
9040 9027
8993 8987
10227 10212
10107 10106
10185 10171
11048 11041
9952 9931
10282 10280
10794 10790
11138 11109
12765 12762
11199 11192
11239 11228
11662 11586
11808 11777
12350 12320
12720 12706
12883 12874
12989 12986
13094 13076
13127 13111
13247 13227
13497 13478
13636 13627
13578 13522
14704 14669
15129 15128
15273 15269
16260 16241
15942 15914
16004 15977
16151 16108
16680 16676
16564 16498
16947 16939
17147 17129
17171 17170
18641 18632
17995 17994
17820 17819
18716 18689
18409 18406
19560 19489
19638 19628
20486 20461
20618 20610
20736 20728
20816 20812
21871 21845
23117 23064
23484 23480
23561 23534
23426 23384
23525 23512
24310 24280
24011 24003
24129 24115
24709 24708
24574 24551
25122 25080
25330 25271
25408 25397
25951 25950
26268 26242
26443 26426
26675 26658
26511 26508
26418 26391
26616 26567
26961 26894
27601 27596
28069 28063
27544 27536
27739 27732
28436 28432
28742 28712
28568 28562
28754 28747
29080 29069
28910 28887
29329 29328
29553 29539
30290 30284
30241 30238
30563 30535
30776 30754
30859 30854
31316 31305
30968 30963
31745 31734
33052 33025
33410 33372
33341 33317
34358 34357
33725 33690
34536 34526
34934 34923
34788 34774
35073 35035
35410 35405
35597 35594
36237 36206
36246 36243
36352 36346
36411 36386
36459 36428
36594 36592
37142 37134
36840 36828
38021 38008
37710 37697
37851 37843
38470 38461
38932 38931
39079 39044
39140 39130
39503 39460
39376 39346
39583 39556
40296 40294
40380 40374
40585 40569
40550 40489
40754 40713
40453 40444
40773 40768
40781 40775
40880 40802
41243 41237
40957 40954
42084 42068
42241 42240
42647 42626
42348 42331
42611 42582
42490 42480
42971 42952
42882 42881
42826 42817
43664 43658
44137 44131
43374 43343
43219 43201
44483 44461
43944 43909
44556 44552
44904 44889
46873 46863
46484 46463
47688 47651
47505 47475
47462 47454
48206 48169
49052 49036
49344 49314
50961 50945
49942 49903
50560 50557
50278 50274
50314 50296
50798 50797
51211 51152
51549 51546
51617 51599
51700 51693
52410 52409
52899 52882
53059 53056
53362 53350
53788 53746
53696 53693
54542 54538
53636 53612
54240 54233
54419 54391
54358 54315
54156 54154
54464 54430
54687 54670
54783 54736
55339 55321
55379 55343
55463 55441
55815 55794
55845 55827
56063 56039
55877 55867
55893 55887
56981 56980
56713 56699
56768 56762
56851 56845
57032 57031
56925 56906
57691 57671
57767 57742
58054 58026
58719 58713
58157 58150
59157 59118
60323 60303
60208 60203
61261 61214
61390 61386
61081 61052
62974 62961
63054 63049
63612 63598
63977 63965
64168 64157
64700 64687
64273 64269
64803 64790
64889 64846
65686 65672
66466 66459
65992 65956
66137 66136
66624 66615
66687 66669
66609 66548
67591 67585
67068 67059
68310 68296
68180 68161
68575 68573
68113 68076
68394 68369
68710 68695
68908 68894
69108 69083
69260 69210
69449 69441
69459 69458
69295 69274
69570 69561
70927 70920
70152 70134
70540 70532
70374 70371
70560 70545
70900 70880
71411 71401
71222 71212
71762 71761
71452 71447
72027 72010
73927 73915
73378 73360
74307 74286
74548 74534
74465 74434
74615 74613
76314 76297
76557 76556
77023 76992
77390 77352
77568 77564
77245 77232
77716 77711
77859 77851
78038 78015
78172 78116
78236 78198
79392 79373
78558 78514
78481 78467
78573 78563
78600 78577
78659 78638
78987 78977
79067 79039
886 841
1242 1213
2146 2119
1971 1961
7262 7248
6790 6789
6016 6011
7524 7518
8098 8096
8356 8343
8420 8410
9707 9680
9260 9256
11045 11015
9572 9517
11539 11537
11411 11368
14210 14205
12046 12029
13122 13120
12226 12203
13860 13840
15774 15746
15153 15148
18249 18242
18469 18448
18934 18927
19957 19935
21340 21334
21444 21405
19987 19965
22710 22702
22698 22697
22219 22216
24073 24041
24826 24822
24249 24225
25638 25629
27008 26993
26291 26256
27369 27285
28564 28538
29098 29095
30299 30288
30169 30158
31527 31501
30850 30843
31297 31284
31386 31380
31670 31651
32087 32049
32096 32092
31637 31602
32796 32730
35085 35079
34638 34626
34253 34235
34570 34555
35909 35897
37293 37279
37302 37297
38777 38774
37855 37844
38667 38606
37711 37702
38805 38803
40102 40091
42452 42406
44336 44325
45091 45078
45522 45498
45889 45874
46012 45999
45729 45698
54025 53994
57130 57122
59641 59630
59806 59804
59474 59461
60001 59999
65255 65246
69020 69011
66871 66866
67795 67774
72098 72077
74800 74711
76101 76095
73572 73553
76607 76603
75527 75508
76123 76115
4323 4319
8195 8157
461 419
17237 17196
9849 9839
10025 9985
18595 18587
41431 41419
26322 26317
44635 44632
12264 12259
65568 65563
690 667
802 754
639 633
880 878
2080 2079
1519 1499
2092 2083
3385 3376
3823 3808
5876 5855
6080 6015
7744 7722
8900 8898
9004 8997
9104 9101
9551 9548
9746 9703
10844 10838
11394 11377
10777 10760
11676 11674
10943 10940
11856 11844
11987 11883
12156 12138
11478 11475
11325 11315
12027 12004
12981 12971
13919 13887
14281 14273
13672 13641
14506 14505
15754 15751
15872 15867
16780 16779
17485 17477
17097 17086
17243 17236
19139 19097
19225 19177
19455 19425
20203 20177
22048 22010
21987 21934
22299 22297
22490 22447
23132 23126
26202 26192
26822 26807
27830 27825
27921 27916
28132 28113
28310 28297
29538 29537
29164 29162
30012 29979
29895 29892
30044 30041
30508 30496
31163 31159
32165 32150
31037 31021
31191 31185
31242 31213
31210 31206
32032 32024
33237 33210
33506 33501
34044 34037
33302 33290
33830 33772
34641 34618
34771 34758
36138 36110
36165 36156
37097 37094
37536 37525
37260 37250
37614 37606
38102 38093
38329 38326
38315 38302
38596 38487
39423 39411
39441 39425
39978 39957
40696 40692
40126 40081
40167 40159
40293 40288
41830 41798
41903 41872
42832 42831
43600 43595
43792 43775
44852 44833
44735 44685
45063 45043
44818 44792
49105 49090
48587 48572
48360 48335
48550 48549
49149 49131
49188 49187
51330 51325
51893 51875
51348 51341
52022 51985
51899 51894
51747 51745
52284 52268
52383 52364
52822 52808
53034 53013
53277 53266
54531 54525
54026 54020
53894 53867
56110 56095
55988 55968
55924 55918
56087 56079
56835 56831
57283 57220
57891 57818
57739 57709
58952 58950
58352 58345
59384 59363
59656 59655
60188 60151
60654 60649
60812 60784
61585 61572
61672 61660
61646 61644
64680 64677
64401 64395
64785 64750
64266 64265
65048 65042
65587 65550
65480 65444
66040 65998
66105 66104
66945 66915
67548 67545
67820 67788
68028 68011
69545 69460
69654 69612
71005 70975
70776 70775
71627 71584
71750 71748
70836 70824
71301 71289
72333 72329
71712 71674
72247 72243
74350 74341
72723 72718
74384 74382
74096 74086
74428 74412
75126 75110
75658 75645
76512 76510
76630 76628
77108 77103
78054 78052
79931 79906
195 145
658 617
539 534
1702 1687
2408 2350
2336 2300
2482 2477
3115 3089
3779 3762
3915 3894
4186 4128
5602 5599
6498 6474
6523 6508
9625 9594
8563 8555
8333 8254
9919 9903
10125 10104
11318 11314
11719 11670
12193 12190
11926 11917
12486 12474
12663 12630
13214 13186
13015 13005
13874 13865
13677 13596
14553 14452
15257 15230
15387 15386
15970 15946
15861 15860
16996 16988
18234 18119
18892 18889
19788 19785
18766 18765
19522 19513
19782 19750
20329 20221
19920 19850
20391 20368
21399 21397
21723 21720
22044 22043
23195 23188
23175 23144
24707 24690
25395 25380
25468 25441
26172 26128
26502 26471
26972 26923
26249 26213
26603 26593
29483 29473
29938 29936
29710 29649
29983 29956
29891 29868
30548 30547
31209 31193
32240 32238
33015 32989
34844 34833
34947 34940
35742 35734
36709 36657
37165 37160
38170 38161
38773 38732
39533 39507
39001 38992
38900 38895
39228 39146
40283 40263
40023 39987
40539 40524
41401 41378
42464 42456
42323 42257
43635 43560
43902 43856
44744 44738
43351 43348
44218 44179
45321 45288
45491 45451
46331 46326
46085 46042
46475 46452
46864 46861
46264 46263
47176 47165
49284 49240
49367 49363
49602 49599
49093 49083
50129 50109
50294 50253
50466 50403
50390 50386
50909 50882
50968 50964
51003 50970
53173 53168
52674 52667
53128 53120
54714 54668
55337 55313
55369 55366
56366 56339
56436 56428
57842 57833
57924 57922
60046 60021
60299 60290
60591 60546
60830 60827
60742 60715
60798 60794
61984 61977
62543 62532
63767 63731
63513 63469
63871 63852
64229 64196
64857 64793
65094 65008
65217 65214
66711 66646
65512 65485
67070 67060
67469 67467
68907 68903
69985 69979
70189 70173
71492 71467
71732 71727
71256 71246
72232 72199
72267 72263
73415 73414
72701 72700
73679 73675
73883 73868
74135 74102
74371 74285
75041 75035
75624 75608
75562 75552
75690 75680
76783 76764
77276 77274
76552 76527
77927 77925
79127 79040
78086 78074
78753 78732
79760 79755
100 77
79607 79606
7684 7680
15278 15254
17372 17345
24764 24763
23441 23393
25849 25795
26836 26823
26047 26040
28892 28849
31208 31118
29107 29050
30731 30723
31065 31064
36305 36283
36173 36162
37184 37166
47992 47983
45226 45213
50785 50779
68609 68608
73696 73691
68932 68920
70923 70910
17602 17543
73474 73408
78079 78078
14 11
1092 1085
1633 1626
1120 1100
1372 1338
1607 1597
2259 2218
1812 1797
3144 3138
3295 3275
3579 3565
3414 3404
3631 3622
4526 4523
4865 4851
4489 4428
4944 4936
5307 5302
5222 5203
6424 6378
6651 6638
6733 6721
7728 7714
9098 9067
8685 8639
9245 9241
9317 9314
9890 9865
9994 9971
9674 9650
10216 10189
10782 10747
11158 11128
11498 11495
11312 11266
11553 11542
12407 12400
13044 13030
13394 13368
14025 14024
13736 13710
14247 14227
14760 14755
15612 15604
16052 16034
15305 15298
16104 16090
16188 16155
16327 16325
17910 17907
17825 17805
19132 19129
19264 19243
19815 19806
20186 20158
20360 20357
20644 20587
20751 20746
20707 20703
21718 21665
21508 21452
22660 22654
22746 22734
23109 23105
23051 23044
22792 22781
23949 23918
23891 23883
25615 25556
25960 25915
26046 26035
25745 25741
26103 26074
26535 26532
28199 28198
27915 27862
28194 28162
28332 28318
28471 28413
28840 28808
28933 28929
29143 29133
29833 29829
29342 29335
30231 30221
32478 32444
32858 32852
32949 32923
33284 33279
33620 33616
33687 33666
34134 34085
33664 33621
34554 34551
34676 34662
35696 35689
35727 35721
36197 36166
36572 36561
36640 36634
37558 37513
37152 37138
37748 37739
37754 37751
38238 38216
38919 38908
40088 40078
40235 40227
40834 40812
40468 40467
40551 40541
40562 40557
40965 40934
41050 41045
41616 41587
41948 41941
42488 42475
41989 41987
42530 42501
43462 43461
43115 43077
43388 43377
43536 43520
45384 45349
46885 46880
46161 46157
47019 47010
47441 47423
49594 49531
49991 49951
50554 50552
50642 50637
51302 51298
52090 52086
52100 52099
53273 53272
54820 54775
54407 54382
55494 55490
55802 55799
57182 57180
57063 57041
56988 56962
57587 57549
58389 58377
58606 58601
59347 59344
59390 59378
59450 59417
59868 59850
59490 59480
59624 59584
60666 60665
60913 60843
61122 61098
61607 61598
61663 61610
62130 62108
62234 62228
62399 62393
62367 62362
63386 63365
63653 63611
64974 64956
64931 64923
64917 64891
66381 66362
66907 66894
67164 67139
67695 67644
67865 67834
67758 67736
67442 67406
67827 67816
68122 68119
68914 68911
70710 70658
70434 70421
70536 70499
71189 71184
71118 71114
71866 71865
71964 71948
71980 71978
71945 71942
72387 72376
72633 72630
73249 73230
74451 74442
73536 73512
73606 73595
74003 73998
74923 74921
75699 75691
76377 76367
75962 75954
76425 76421
76447 76429
76458 76456
77542 77478
77683 77642
77318 77298
77762 77731
78438 78434
78065 77992
78272 78221
78972 78956
79456 79448
79220 79214
79754 79748
79525 79519
279 221
547 537
4409 4404
7580 7554
7829 7787
7330 7324
11316 11256
14128 14100
15847 15836
14419 14414
15319 15317
17301 17293
17766 17750
17880 17875
19050 19020
17936 17885
20004 19994
19917 19900
20948 20932
23390 23376
23990 23982
30030 30006
24044 24001
25112 25095
28201 28124
28226 28219
31921 31892
31622 31611
32282 32276
30705 30700
32644 32636
32330 32295
33696 33689
32373 32332
32903 32898
33639 33623
34730 34690
36904 36803
37317 37242
38287 38259
39561 39493
38451 38430
38887 38884
39219 39211
40101 40098
40946 40907
40194 40152
41665 41655
42310 42305
41858 41840
42875 42863
43736 43734
44401 44391
44894 44862
44665 44661
46251 46224
47722 47708
46558 46477
45408 45380
48569 48539
48911 48908
51247 51243
54137 54076
54069 54009
54380 54365
55421 55402
55179 55165
55927 55925
58509 58433
61973 61966
63198 63179
67394 67333
67445 67418
68026 67992
68330 68270
67512 67458
67598 67595
68187 68176
69923 69919
76361 76327
74507 74500
75083 74981
76220 76212
36172 36117
30404 30119
44439 44405
42249 42209
32299 32280
45245 45237
49747 49740
48675 48620
73175 72999
1028 1023
2280 2267
2516 2508
3756 3695
4961 4952
5290 5283
4996 4980
5851 5849
7108 7104
7153 7129
6980 6965
8545 8532
8116 8115
7456 7372
8919 8906
8636 8635
10555 10535
9308 9306
10690 10594
10739 10738
12142 12120
15203 15171
15739 15718
15924 15880
16390 16361
16319 16317
16826 16818
18361 18317
19157 19150
19607 19604
19740 19733
20851 20820
21600 21529
22171 22151
22400 22396
23695 23694
24251 24250
24424 24420
25235 25224
26919 26918
27815 27804
27615 27611
29529 29521
29714 29711
29626 29621
30459 30430
30531 30525
31134 31129
31162 31161
31192 31188
32425 32410
32960 32957
35061 35036
35570 35545
36797 36794
36963 36920
37042 37011
37175 37171
37217 37203
37719 37717
37726 37725
38058 38041
39453 39430
39911 39898
40450 40412
41266 41244
43391 43389
43733 43667
44023 44002
44441 44423
44623 44597
45948 45938
45580 45572
46255 46223
46402 46379
47593 47583
47633 47610
48033 47977
48172 48160
48142 48141
49391 49388
54138 54112
53473 53459
54218 54203
55913 55903
55428 55419
55481 55478
56174 56171
56397 56392
56470 56448
56386 56369
57205 57202
57456 57450
57640 57635
57674 57664
57749 57745
58356 58339
58364 58363
58961 58951
59131 59116
59328 59323
61038 61026
61453 61439
61792 61787
61824 61812
63181 63168
64127 64076
64453 64446
65917 65855
65758 65733
66643 66573
67018 67016
68054 68048
69086 69040
69469 69425
68853 68835
69638 69611
70863 70822
70242 70203
72686 72660
72935 72924
72944 72941
73770 73718
75413 75409
76514 76501
76574 76567
77894 77889
78731 78717
78691 78614
79597 79595
79880 79834
2 79985
586 568
397 303
1221 1207
1498 1448
1805 1794
2074 2067
2295 2207
2333 2318
1757 1732
2584 2429
3424 3374
3737 3678
4434 4412
5170 5168
5500 5458
5345 5341
6576 6525
6089 6067
7742 7693
8082 8079
9211 9188
9925 9907
11882 11843
12402 12376
14982 14979
16139 16130
16408 16376
17806 17804
19307 19258
19417 19411
19326 19319
19606 19596
19958 19955
21956 21946
23271 23210
24543 24532
24368 24357
25182 25170
25734 25717
26002 25985
26410 26343
26903 26898
27109 27084
27237 27236
27227 27218
27408 27368
27716 27701
28092 28088
28977 28904
29376 29355
29384 29379
29572 29563
29840 29819
30417 30413
30498 30466
31780 31768
33618 33578
31832 31822
34290 34280
34912 34909
35064 35059
35158 35157
35958 35948
37409 37362
36949 36947
36495 36472
36646 36643
37618 37609
37654 37632
38586 38568
39019 38927
40530 40481
42069 42053
43259 43240
43168 43126
43868 43851
43399 43386
44235 44227
44287 44271
43434 43426
43897 43896
43756 43743
44479 44473
44965 44928
44998 44990
45727 45697
47458 47416
48752 48730
48953 48938
49773 49771
49486 49471
50074 50068
51265 51254
51304 51274
50773 50762
51881 51878
52688 52687
52856 52802
52744 52695
53268 53262
53763 53719
53288 53281
54284 54251
56615 56604
56764 56723
57010 56998
57057 57037
56997 56963
57300 57274
58821 58755
59260 59192
58855 58852
59350 59339
59970 59865
60216 60201
60289 60274
60502 60481
60586 60575
61915 61914
62435 62415
62793 62759
65530 65516
66658 66625
67638 67605
67892 67875
68550 68525
69093 69045
69791 69761
69884 69817
70537 70505
70599 70585
73174 73173
73032 73027
74092 74067
73733 73726
74105 74103
75137 75128
74499 74456
75200 75195
75478 75428
76043 76014
76112 76103
77234 77185
78110 78091
78317 78315
79293 79291
78866 78812
38 79950
79643 79609
3543 3540
10156 10068
13244 13077
19905 19829
26741 26736
32355 32354
46977 46962
52791 52692
59565 59550
72514 72506
78567 78521
78186 78114
1623 1618
1361 1317
1787 1771
2823 2818
3465 3457
5629 5610
5644 5637
5698 5660
5768 5750
6344 6332
6476 6475
6756 6710
6836 6796
6944 6887
7133 7131
7126 7079
7308 7294
7476 7447
7781 7780
8213 8197
8541 8505
8799 8752
9324 9261
9380 9379
9596 9582
9514 9467
9570 9554
10710 10702
11485 11419
12338 12309
13043 13026
12887 12824
14081 14072
14509 14495
15918 15871
14849 14834
16305 16301
15966 15939
16824 16820
17072 17022
17788 17768
18320 18292
18275 18233
18386 18363
19123 19119
19165 19153
19582 19541
20665 20658
21091 21071
21006 20971
21874 21847
21216 21186
21275 21270
21585 21574
21523 21511
22949 22844
22761 22713
23730 23704
24577 24570
25089 25045
25297 25294
25336 25321
25403 25383
25578 25571
26945 26922
27079 27073
30428 30425
30958 30938
31731 31698
32052 32028
31455 31372
32555 32455
31506 31460
32769 32727
32717 32651
34022 34000
35285 35281
35259 35257
35412 35409
36021 35999
36723 36722
37059 37055
38629 38609
39281 39250
39098 39060
39312 39311
40136 40122
39629 39573
40236 40215
40669 40657
41039 41002
42418 42416
42363 42326
42753 42747
43104 43089
44084 44004
43483 43457
43677 43654
44210 44206
44729 44708
44755 44743
45048 44999
45095 45093
46312 46279
46566 46564
46618 46610
47826 47818
48068 48020
48322 48254
48906 48814
49167 49164
50002 49966
50491 50478
51066 51021
52089 52065
53818 53783
53876 53870
53996 53945
55134 55130
54780 54756
55643 55599
56089 56068
56271 56176
57259 57199
57665 57627
57464 57430
57961 57958
58173 58160
58101 58092
58657 58643
58862 58859
59073 59016
59792 59790
59826 59807
60019 59992
60052 60042
60570 60560
60319 60305
62080 62036
62624 62614
62723 62710
62986 62984
63446 63376
63737 63733
64117 64033
66190 66087
67008 66960
67039 67020
68075 68074
68209 68195
68468 68434
70579 70546
70683 70667
71774 71756
71691 71681
72121 72044
72271 72237
72321 72319
72469 72437
72832 72828
73431 73417
73577 73571
74523 74511
74174 74160
74809 74806
75168 75154
74856 74824
75878 75860
75956 75914
76001 75969
76292 76283
77088 77058
77145 77143
77833 77821
77876 77848
78088 78076
78776 78721
79707 79691
1737 1678
9618 9592
7741 7720
14927 14893
15032 14977
15491 15448
18179 18117
17861 17732
19693 19546
21417 21332
22673 22502
26261 26203
29046 28947
29910 29900
29939 29929
32051 32010
33334 33194
36105 35983
35481 35443
32334 32331
38791 38730
40711 40683
41839 41836
41996 41973
42390 42373
46244 46127
44399 44360
46401 46330
45844 45750
46703 46673
50291 50239
51192 51164
60925 60900
62104 62101
65815 65689
65546 65531
67033 67004
69622 69598
72220 72209
74203 74169
76700 76647
78796 78791
79292 79286
1125 1115
1191 1169
1264 1222
2912 2866
3025 3017
3517 3514
5278 5276
4925 4882
5573 5565
10387 10378
8710 8582
13520 13503
15868 15849
16963 16920
17430 17383
17743 17676
18036 18029
18823 18820
20630 20616
21175 21173
23637 23631
24261 24242
23846 23845
25680 25671
26056 26053
26558 26517
27808 27801
29801 29798
30188 30181
30210 30203
32570 32561
33951 33917
34211 34208
34251 34247
37236 37207
37333 37332
37495 37469
38153 38107
39786 39765
40279 40250
41496 41469
41586 41583
41508 41505
45092 45065
45581 45531
46324 46322
47162 47154
46939 46925
47483 47470
48135 48119
47673 47656
48473 48470
50167 50148
52241 52220
54224 54211
55397 55392
55562 55513
57428 57423
58598 58559
59703 59696
61331 61319
61637 61628
63743 63739
62092 62086
64261 64219
63225 63209
64885 64702
66929 66926
67731 67726
68067 68052
68156 68151
68806 68768
69896 69894
71265 71232
71810 71800
73053 73046
72784 72774
73273 73248
73403 73385
73979 73946
74352 74335
74405 74363
74036 74024
74946 74942
75827 75821
75817 75813
78905 78872
79080 79058
6099 6083
4268 4235
5749 5702
5950 5886
7278 7185
8033 8010
7419 7408
8363 8304
9576 9550
12385 12382
12228 12143
13773 13724
14661 14604
14764 14741
17275 17246
16113 16094
19213 19210
24614 24587
24874 24858
25249 25221
25675 25633
27264 27261
27278 27272
28231 28153
29607 29527
29791 29775
32420 32400
32853 32847
35518 35513
36528 36443
37502 37456
41749 41515
44300 44217
47197 47188
47264 47209
49609 49600
51431 51398
51659 51550
51740 51690
52836 52794
53434 53390
60705 60613
61170 61041
64773 64745
67980 67937
68129 68118
68803 68680
69352 69318
71484 71446
72126 72120
72322 72299
77366 77268
78667 78621
79168 79166
79337 79318
4477 4455
4554 4521
5265 5253
7182 7059
11175 11069
10017 10012
15888 15803
18809 18767
19080 19041
21916 21831
22722 22688
23389 23382
25993 25977
26080 26020
25779 25724
26390 26278
27283 27282
28585 28519
29896 29812
29743 29638
30842 30820
31512 31509
33058 33047
34322 34292
34470 34461
34927 34916
35575 35552
36251 36224
38517 38486
39587 39560
42786 42697
42931 42844
43020 43016
44526 44505
45279 45273
46541 46522
52533 52511
54785 54765
56640 56381
57248 57226
57334 57282
57781 57714
58169 58144
58238 58237
59499 59426
61359 61326
61541 61524
63750 63718
64942 64826
65363 65342
66331 66287
66963 66877
69185 69121
70476 70413
71062 70992
71909 71788
75424 75390
75619 75607
76102 75881
76223 76177
76928 76846
79221 79193
189 167
523 460
5100 5052
5241 5226
5797 5766
6464 6436
8784 8723
9984 9956
11322 11259
10820 10816
11501 11497
19977 19908
19800 19729
29079 29049
31377 31359
33957 33921
34585 34548
50081 49989
52263 52251
64288 64144
67617 67538
67110 67052
67196 67144
67683 67654
71131 71072
73686 73638
73217 73190
74897 74781
73599 73591
77199 77159
78968 78935
79930 79844
79421 79385
79575 79495
79628 79612
77604 77509
76590 76584
76260 76237
75275 75180
74515 74501
74137 74114
72190 72154
71381 71274
71214 71186
70767 70764
70717 70630
70270 70249
70240 70183
70084 70017
69898 69873
69821 69803
69110 69081
69317 69246
68973 68972
68480 68436
66157 66093
66429 66363
65882 65839
62352 62163
62965 62940
62096 62066
61623 61559
60983 60969
60887 60806
58534 58479
58231 58177
57484 57465
55798 55756
54836 54809
54409 54332
53311 53307
53251 53234
53197 53196
52881 52874
52087 52082
51784 51770
51442 51438
51359 51340
51305 51293
51127 51072
50221 50136
49975 49796
49468 49225
48778 48735
48527 48511
47687 47680
47465 47460
47394 47388
47128 46995
45901 45853
43157 43142
41877 41866
42121 42019
40621 40535
40303 40277
39895 39846
38557 38533
39097 39034
37826 37812
37269 37252
35427 35420
34150 34119
33915 33859
33183 33108
33481 33475
31891 31866
30989 30952
30588 30480
28112 27977
27380 27338
28891 28803
27149 27137
26448 26402
25161 25124
24951 24883
23831 23696
20059 20010
22856 22814
22918 22914
20684 20598
19384 19369
18911 18910
18576 18475
13318 13314
11982 11903
9476 9455
8711 8708
8583 8556
8515 8416
6579 6564
6034 6026
5882 5857
5122 5115
4328 4315
4069 4050
3452 3435
3312 3280
3001 2991
2955 2946
2366 2348
2869 2775
79775 79769
79161 79153
1526 1472
78868 78842
78476 78307
78063 78044
77092 77076
75489 75447
74991 74938
74750 74673
74444 74423
74536 74516
74402 74355
74028 74002
73791 73714
73529 73527
73496 73479
73400 73333
72292 72240
72891 72772
71169 71145
70390 70341
70604 70588
70163 70143
69972 69946
69560 69523
69475 69464
68611 68557
68168 68142
68008 67988
67802 67791
66659 66576
66565 66538
65581 65559
65524 65486
65467 65431
65271 65253
65026 64977
65229 65144
64656 64630
64595 64576
64321 64298
64728 64707
63837 63776
63201 63167
62502 62489
62896 62866
62120 62112
61979 61856
61841 61770
60779 60756
60530 60449
60043 60031
59896 59840
59306 59293
59242 59240
59783 59772
59027 58741
58723 58714
58080 58057
57932 57914
57885 57882
57704 57688
57276 57270
57098 57024
56927 56866
55754 55737
55356 55317
54900 54859
54764 54673
54258 54208
53589 53522
54443 54415
53193 53163
52567 52550
52077 52068
51951 51945
50361 50322
51853 51802
51288 51212
49138 49116
48888 48815
48402 48371
48129 48107
47719 47700
47672 47614
47991 47951
47425 47410
46993 46992
46656 46628
46616 46568
46504 46486
46410 46405
45102 45023
44835 44650
45000 44993
44988 44969
43522 43472
44064 43923
43412 43378
43264 43200
42273 42271
41968 41889
41164 41147
41484 41472
41110 40944
40644 40633
39945 39933
39636 39616
39795 39759
39011 38962
38662 38579
38576 38562
38289 38264
38263 38181
38013 37992
38069 38047
37213 36953
36887 36616
37436 37410
35976 35930
35880 35866
35511 35494
35371 35340
34764 34593
34431 34352
34232 34217
32145 32130
32759 32660
31920 31915
31827 31804
31667 31624
31448 31395
27899 27859
27788 27771
27691 27668
27540 27465
27204 27157
27021 27015
26913 26871
26863 26746
26727 26695
26649 26586
24766 24743
24735 24622
24990 24973
24512 24450
24364 24362
24301 24294
24234 24180
24149 24119
24097 24086
23963 23871
23520 23425
23310 23243
23232 23153
23137 23060
22859 22857
21752 21640
21432 21418
21150 21093
20954 20924
20757 20721
20363 20206
19360 19350
18663 18651
18457 18442
18441 18398
17409 17393
18345 18218
16943 16901
16832 16807
16795 16697
16521 16497
16403 16379
15438 15390
14460 14430
14029 14007
13959 13945
12957 12873
12687 12569
12300 12292
11613 11522
11482 11480
11399 11362
10456 10428
10324 10292
9892 9861
9836 9834
9942 9930
9679 9649
9320 9303
9293 9235
9197 9184
9079 8934
8895 8789
7953 7942
7891 7862
7760 7748
7642 7615
7690 7674
7389 7327
6835 6798
6786 6761
6253 6249
4967 4921
4855 4831
4041 4029
3722 3647
2689 2670
2657 2631
2423 2406
2046 1832
831 787
758 739
427 416
295 220
79993 79956
79822 79796
79032 78984
78602 78571
78502 78493
77869 77838
77787 77677
76773 76703
77149 77099
76461 76399
75586 75543
75380 75379
74264 74260
74080 74068
73302 73296
73855 73839
72430 72401
72099 72097
70135 70114
69872 69864
69678 69653
69424 69355
69225 69191
68542 68485
68107 68093
67345 67336
67298 67230
66821 66694
66528 66436
66340 66339
66241 66163
65887 65886
64540 64526
64502 64366
63122 63117
61438 61398
64143 64102
61300 61182
60428 60180
59914 59897
59690 59646
58604 58547
58471 58415
57870 57785
56948 56946
57567 57529
56347 56306
56157 56067
56017 55990
55901 55807
55271 55207
54299 54264
55176 55151
54506 54463
54007 53865
53861 53825
53517 53442
53650 53592
53162 53157
52634 52615
52172 52107
52374 52286
51941 51867
51068 51017
50995 50944
50940 50870
50687 50671
49076 49023
48588 48551
48359 48342
48487 48485
48336 48257
48054 48031
47300 47274
47833 47754
46514 46510
45672 45600
45731 45708
45469 45460
45187 45105
45593 45585
44608 44571
44863 44851
45440 45348
44158 44145
43704 43675
43770 43724
43666 43630
43001 42993
44138 44085
42482 42462
40911 40823
40264 40259
40514 40454
40240 40189
40045 40025
39599 39591
40436 40409
39262 39258
39251 39231
38453 38446
37708 37562
38436 38418
35849 35704
35683 35646
35200 35199
35136 35052
34866 34862
34839 34831
33806 33486
33458 33339
32639 32591
34539 34479
32202 32166
32105 32073
31985 31964
31507 31484
31111 31062
31350 31226
30787 30778
30107 30083
29365 29270
28728 28656
27637 27613
27428 27411
26514 26472
25941 25885
25569 25568
24444 24442
24573 24558
24852 24778
22870 22867
23617 23554
22408 22316
22480 22473
21828 21822
21638 21617
21084 21019
20850 20808
20571 20473
20115 20102
19245 19240
19414 19397
15584 15507
17203 17115
15382 15340
15337 15289
14871 14856
14848 14829
14726 14702
14352 14259
13851 13789
13714 13690
13483 13465
12857 12813
10745 10744
10405 10331
10715 10675
10279 10172
8670 8614
7972 7959
6351 6319
7024 6923
5597 5438
5324 5292
4155 4147
3866 3843
3533 3516
2903 2886
2630 2618
2590 2586
2266 2175
2174 2108
1452 1417
1796 1778
1641 1634
1342 1170
1141 1128
949 891
320 306
150 149
97 74
79369 79297
78795 78789
78788 78786
76162 76124
78610 78541
75309 75284
74655 74626
73581 73579
72644 72528
72036 72033
71437 71374
71934 71910
71305 71273
72016 72003
70474 70472
70943 70939
70464 70458
70451 70337
70267 70265
69905 69902
69681 69581
69334 69296
68993 68985
69263 69203
68420 68349
68103 68086
67689 67685
66597 66594
66578 66569
66553 66536
66399 66276
66253 66244
65978 65928
65890 65873
65766 65755
65153 65129
65045 64928
64649 64631
64528 64512
63798 63780
62603 62600
62034 62028
61874 61849
61793 61788
61739 61673
62534 62514
61370 61353
61079 61070
60770 60768
60660 60641
60437 60427
59773 59727
59623 59561
59492 59475
58676 58665
58825 58824
58366 58348
58319 58318
58156 58119
57700 57681
57095 57076
56695 56693
56548 56509
56445 56363
55902 55859
55789 55724
55668 55660
55838 55817
54959 54882
55498 55439
54717 54689
54418 54392
53673 53644
52995 52971
52800 52780
52416 52367
51368 51316
51527 51520
50728 50708
50668 50650
51741 51739
50624 50622
50121 50105
49339 49323
49203 49201
49639 49636
49148 49147
49056 49040
48995 48987
49024 49003
48498 48484
47894 47879
47686 47676
47145 47066
46634 46627
46212 46183
45940 45939
45519 45502
45211 45167
44435 44427
44333 44323
44631 44598
43233 43230
43076 43042
42733 42727
42296 42286
41972 41970
41969 41965
41960 41940
41831 41825
41777 41747
41599 41597
41556 41551
41361 41330
41221 41187
39299 39282
40150 40144
39732 39703
39188 39185
39179 39173
39166 39165
38740 38733
38538 38510
38426 38421
37791 37783
37665 37660
37239 37237
35574 35546
35483 35468
35135 35078
34851 34804
34587 34511
34425 34415
34273 34262
34241 34234
34054 34047
33779 33777
33768 33766
33571 33560
33414 33313
32432 32419
32258 32254
31961 31950
31683 31647
31557 31526
31365 31355
31047 31018
30783 30781
30397 30391
30757 30732
31275 31264
29345 29326
29324 29312
29750 29717
29158 29148
29042 29035
28847 28775
28078 28044
28674 28576
26986 26979
26726 26691
27365 27356
26690 26687
26468 26462
26246 26204
25290 25187
24949 24943
24422 24411
24902 24805
24317 24287
23755 23748
23622 23573
23486 23478
22639 22554
22261 22253
22142 22132
22100 22046
22004 21990
21843 21821
21784 21703
21459 21420
21251 21238
21100 21094
20472 20423
19520 19474
19226 19170
17953 17948
16909 16885
16794 16761
16296 16267
15813 15807
15791 15775
15665 15660
14807 14805
14284 14271
13784 13757
13535 13526
12935 12915
11697 11695
11642 11641
11571 11554
10485 10471
11541 11504
9355 9342
8057 8015
8388 8373
7948 7938
7531 7523
6794 6783
7398 7396
5817 5773
4472 4463
3882 3863
3849 3836
4135 4132
3456 3451
3182 3071
2928 2917
2747 2743
2714 2709
2696 2639
2427 2424
1765 1758
685 681
78018 77941
75060 75011
76508 76463
72956 72915
75830 75724
72568 72535
72714 72684
70928 70915
70904 70896
70627 70606
69775 69698
69798 69782
66843 66831
63976 63940
63897 63893
63591 63480
62865 62826
62683 62681
62463 62377
60168 60156
58659 58640
59625 59585
56844 56757
55619 55448
55017 54954
54910 54904
54046 54039
55203 55201
52671 52661
50801 50714
52450 52412
49718 49714
47942 47864
46447 46438
46041 45929
43894 43843
41449 41372
41268 41251
39994 39958
38913 38825
37809 37799
36409 36379
37344 37303
34069 34035
30058 29967
28404 28339
27558 27552
27445 27441
27335 27316
27115 27094
25315 25288
22444 22417
20166 20139
22291 21962
20443 20431
20420 20414
18966 18946
17354 17328
16632 16625
16543 16542
16215 16212
15076 15048
14574 14563
12128 12064
12492 12421
13630 13628
14206 14033
11789 11739
11692 11647
10867 10857
10608 10607
9924 9905
9829 9780
8128 8064
7505 7426
6548 6521
6900 6863
5407 5353
5280 5269
4638 4613
3943 3907
3755 3748
1104 1052
79850 79845
79513 79464
79573 79572
79454 79429
79051 79000
78500 78489
78439 78399
78328 78319
78174 78171
77663 77590
77169 77147
77759 77720
77295 77265
77314 77306
77114 77091
76952 76900
76809 76807
76750 76731
76203 76165
75593 75588
75534 75502
75412 75352
75348 75346
75182 75172
74928 74925
74812 74810
74725 74690
74598 74593
74156 74143
74023 74018
73925 73908
73884 73860
73820 73802
73784 73771
73639 73619
73565 73564
73103 73074
73036 73035
72812 72798
72729 72685
72980 72974
72520 72475
72422 72389
72332 72323
72173 72163
72149 72134
71993 71991
71908 71887
71834 71827
71541 71535
71474 71462
71532 71498
71359 71330
71187 71177
70893 70878
70666 70638
70798 70745
70629 70617
70331 70295
70243 70191
70067 70032
69945 69936
69535 69488
69354 69351
69430 69376
69348 69335
69180 69174
69152 69140
69130 69101
68826 68818
68584 68574
68553 68552
68169 68162
67943 67929
68072 68071
67752 67739
67180 67165
67114 67094
66958 66942
66925 66852
66712 66691
66796 66793
65720 65696
65632 65624
65179 65173
64693 64672
64591 64530
64205 64198
64158 64145
63978 63941
63669 63644
63603 63601
63730 63704
63107 63076
62931 62897
62864 62846
62707 62677
62950 62939
62585 62575
62495 62479
62350 62341
62404 62401
62337 62325
62199 62193
62226 62215
62182 62173
61944 61919
61616 61589
61653 61640
61557 61555
61264 61117
61046 61037
60551 60516
60982 60973
60064 60061
59861 59856
59802 59801
59678 59668
59171 59162
59310 59268
59161 59143
58991 58990
58892 58883
58546 58530
58194 58192
58088 58074
58038 58005
57856 57789
57899 57892
57560 57541
57775 57737
57786 57776
57121 57120
56856 56833
56792 56773
56565 56549
56360 56349
56346 56299
55983 55964
56051 56005
55238 55206
55309 55307
54472 54469
54598 54478
54674 54661
54466 54446
54325 54290
54354 54346
53629 53622
53532 53501
53451 53449
53240 53232
53208 53194
53164 53126
53119 53093
53435 53396
52480 52456
52212 52197
52768 52759
52104 52092
51777 51753
52005 51972
51653 51652
51616 51595
51498 51451
51015 50962
50753 50749
50532 50505
50953 50941
50894 50891
50440 50415
50384 50364
50203 50195
50024 50018
49955 49915
49897 49885
49737 49726
49610 49607
49566 49540
49530 49496
49157 49154
49110 49104
48617 48591
48229 48225
48112 48105
47774 47729
47396 47344
46910 46865
47202 47180
47598 47564
46709 46655
46576 46574
46414 46353
45764 45762
45894 45883
45464 45448
44695 44688
44659 44636
44557 44549
44492 44482
44594 44572
44385 44367
44266 44256
43960 43959
44151 44136
43930 43916
43889 43871
43564 43535
43029 43025
42908 42884
43301 43269
42823 42780
42720 42702
42215 42172
42534 42519
42165 42160
42032 41976
41925 41879
41735 41726
41719 41712
41870 41864
41467 41451
41321 41294
41065 41064
40881 40825
39936 39928
39371 39370
39365 39330
39308 39306
39040 39026
38868 38846
38675 38670
38840 38839
38504 38465
38324 38311
38242 38193
38050 38010
37921 37796
37737 37706
37608 37604
37592 37515
37498 37497
37159 37103
37453 37412
37038 37008
36922 36917
36673 36663
36774 36756
36631 36603
36069 36040
36521 36509
35922 35894
35816 35787
35613 35586
35530 35523
35378 35356
35209 35193
34794 34782
34505 34497
34408 34368
34347 34329
33902 33891
33913 33909
33684 33679
33265 33239
33233 33208
33182 33170
33094 33070
32724 32720
33028 32955
32194 32184
32117 32055
31751 31746
31354 31352
31075 31073
31215 31211
30544 30530
30528 30503
29468 29428
30242 30211
29955 29931
29872 29849
29413 29393
29276 29259
29217 29199
29189 29166
28758 28756
28997 28978
28743 28719
28515 28435
28105 28096
27633 27631
27305 27291
27151 27141
27448 27425
27956 27851
26885 26839
26774 26754
27031 27018
26677 26661
26634 26597
25906 25894
26136 26117
24992 24962
24710 24649
24592 24583
24464 24432
24410 24398
24194 24191
23968 23881
23837 23826
23783 23777
23559 23544
23450 23446
23319 23294
22227 22223
21965 21960
22711 22685
21894 21885
21661 21595
21134 21125
20686 20685
20380 20321
20406 20404
20421 20418
20250 20237
20099 20045
19989 19988
20142 20133
20036 20033
19330 19327
19101 19064
18908 18876
18524 18501
18440 18425
18811 18769
18170 18169
18209 18201
18136 18132
17497 17494
17175 17145
16584 16568
16128 16097
15937 15932
15577 15557
15700 15669
14955 14907
14204 14201
14166 14162
14152 14130
13662 13635
13464 13413
13615 13604
13675 13670
13386 13379
13307 13274
13022 13006
12691 12689
12779 12730
12664 12620
12307 12286
12177 12147
12082 12033
12014 11908
11407 11397
11330 11327
11608 11599
11195 11143
11074 11038
11111 11079
10978 10973
10947 10910
10830 10805
10461 10425
10184 10130
10248 10238
10096 10038
9057 9044
8974 8952
8330 8284
8494 8468
8270 8269
8242 8230
7999 7996
7520 7515
7385 7337
6781 6768
6326 6245
6062 5956
5739 5710
5563 5560
5598 5581
5527 5510
5121 5104
4779 4768
4765 4753
4674 4600
4125 4103
4460 4448
4441 4440
4303 4189
4016 3885
3829 3815
3666 3572
3482 3470
3332 3322
3211 3184
2798 2768
2376 2356
3286 3278
2195 2186
2161 2154
2133 2105
1993 1936
1928 1886
1593 1559
1064 1058
1204 1200
822 800
794 785
777 728
722 718
162 116
706 689
39 26
78743 78741
71263 71251
70854 70783
68850 68834
68078 68047
64821 64791
68335 68333
60077 60048
67625 67624
58638 58611
58403 58290
55311 55283
50587 50394
47863 47848
43447 43441
42295 42282
42180 42142
36914 36907
34981 34953
31730 31672
29195 29182
29266 29234
28463 28454
28450 28430
27049 27028
23553 23531
20185 20168
19196 19172
16479 16429
15748 15737
18899 18833
13582 13576
11012 10987
8406 8375
6860 6850
6700 6699
3994 3970
3185 3120
2545 2487
364 352
79940 79902
78697 78629
78535 78534
79216 79171
78019 77989
77923 77916
78075 78021
77807 77782
77815 77813
77563 77481
77262 77256
77477 77417
77019 76955
76859 76831
76596 76569
76455 76452
76427 76426
76800 76772
76090 76069
75751 75747
75663 75633
75568 75546
74267 74256
73511 73502
73376 73336
73114 73113
72861 72835
72282 72281
72964 72958
72675 72665
72315 72313
72230 72216
71611 71598
71709 71704
71587 71583
71481 71480
71103 71073
71061 71034
71031 70974
70826 70813
70182 70179
70168 70153
69805 69799
69373 69364
69187 69182
68509 68505
67864 67825
67803 67781
67658 67650
67314 67208
67161 67157
66747 66721
66457 66440
66489 66480
66077 66048
66478 66464
66222 66214
65991 65986
65722 65721
65870 65817
65804 65774
65385 65334
65223 65211
65068 65060
65449 65413
64429 64405
64670 64666
64286 64271
64191 64182
63588 63534
63642 63629
63680 63671
63027 63003
62997 62991
63348 63347
62745 62737
62190 62188
61957 61947
61545 61516
61271 61267
60866 60863
60837 60833
61489 61485
60924 60911
60813 60810
60800 60776
60854 60842
60737 60687
60685 60677
60242 60217
60461 60451
60377 60349
60182 60108
59720 59719
59445 59437
59785 59784
58945 58894
58400 58374
58251 58244
57874 57873
57415 57310
56462 56457
56456 56453
55376 55375
55292 55268
55002 55001
54993 54963
54623 54622
53600 53588
53052 53003
52682 52668
52564 52491
52606 52576
52440 52423
52063 52007
51215 51195
51855 51831
50696 50683
49848 49810
49624 49613
49383 49380
49238 49214
49307 49262
49194 49172
48789 48784
48635 48630
48781 48766
48529 48514
48434 48398
47547 47515
47337 47222
46946 46943
46276 46259
47052 46953
46145 46138
46339 46329
46072 46054
45974 45967
45876 45830
45821 45819
45814 45787
45312 45290
44812 44811
43628 43606
43383 43333
42937 42921
42663 42620
42547 42535
42410 42382
41645 41619
41513 41509
41403 41384
41381 41365
41104 41078
40630 40534
40466 40416
40104 40103
40316 40300
39843 39791
39464 39444
39869 39868
39698 39685
39420 39407
39248 39244
38799 38766
38706 38686
38820 38810
38563 38551
38416 38377
38369 38366
38508 38507
38100 38056
37926 37922
36330 36326
36212 36200
35730 35724
36396 36354
35701 35692
35670 35662
35435 35424
35655 35639
35348 35325
35277 35263
34473 34469
34046 34042
33826 33807
33516 33508
32932 32922
32872 32798
32582 32576
32127 32125
31343 31338
32007 32003
31873 31856
31315 31276
31249 31229
30934 30916
30901 30870
30623 30619
30988 30980
30383 30362
30323 30309
30004 29971
29540 29469
28369 28363
28573 28563
28282 28242
28531 28521
28038 28027
27577 27526
27184 27156
27129 27125
26783 26775
26495 26482
26575 26571
26442 26421
26113 26081
26182 26159
25938 25933
26301 26280
25783 25751
25622 25591
25883 25872
25544 25536
25481 25419
25157 25147
23972 23969
24106 24079
23474 23456
23326 23321
23202 23116
22436 22428
23857 23856
22542 22463
22813 22808
22407 22381
22204 22184
21169 21165
22356 22354
21551 21540
21115 21114
21414 21396
21063 21012
20774 20699
20614 20613
20606 20605
20176 20152
20117 20111
19880 19837
19706 19641
19448 19423
19374 19363
19013 18980
18866 18855
18756 18690
18352 18327
18197 18193
18125 18078
17672 17603
18161 18153
17273 17272
17131 17077
16725 16653
17557 17517
16999 16987
16488 16487
16462 16437
16434 16415
16639 16605
16370 16362
16186 16179
16068 16025
16010 16005
15630 15618
15769 15716
15350 15341
14763 14737
14724 14717
14595 14568
14905 14896
14395 14393
14233 14225
14712 14626
14063 14057
14221 14215
13549 13537
12722 12711
12467 12440
12236 12213
12107 12084
11389 11342
10637 10590
11713 11706
10297 10267
10359 10311
9944 9932
9042 9001
8353 8350
9633 9613
8139 8095
7269 7255
6702 6701
6884 6847
7033 6969
6655 6639
6189 6171
6456 6454
5449 5446
6127 6103
5242 5198
5179 5171
5030 5011
4702 4699
4955 4951
5006 4989
4553 4542
4071 4043
3768 3760
3549 3545
3366 3348
3320 3306
2916 2915
2421 2381
1550 1536
1386 1362
943 924
1424 1391
983 982
651 634
598 590
79929 79895
79949 79934
79700 79692
78950 78947
78928 78882
78455 78440
78398 78395
77971 77951
78389 78368
77327 77324
77718 77690
77882 77856
77105 77095
77461 77451
76871 76784
76091 76058
75805 75741
75364 75339
75931 75924
75373 75368
75331 75289
75004 74986
74580 74577
73956 73932
74570 74544
74197 74170
74420 74416
73905 73887
74541 74527
74046 74027
73437 73421
73164 73158
72922 72917
72805 72785
72508 72498
72068 72050
72194 72174
72046 72031
71876 71873
71854 71844
71802 71792
71710 71685
71569 71559
71208 71205
71075 71052
70355 70327
69931 69909
69825 69820
69804 69800
69796 69770
69533 69519
69305 69288
69583 69548
68822 68777
68623 68616
67392 67328
67132 67081
67038 67024
66975 66908
66850 66837
66406 66395
66261 66252
66009 65924
65430 65427
65708 65648
65244 65236
65401 65381
65157 65137
64743 64741
63364 63352
62781 62770
64251 64237
62960 62919
62993 62976
62610 62589
62174 62143
62073 62059
61493 61492
59650 59643
59367 59366
60688 60674
59244 59238
59198 59168
59045 59021
58788 58772
58744 58743
58736 58693
58484 58472
58432 58410
58314 58294
58041 58002
57900 57896
57445 57431
56572 56553
57698 57682
56001 55976
55258 55220
55022 55005
54665 54612
53337 53314
53184 53174
53453 53430
53063 53058
52804 52785
52765 52709
52680 52676
53555 53524
52432 52373
52472 52466
52358 52348
52052 52050
51435 51432
51686 51672
51421 51402
51602 51597
51018 51010
50790 50745
50602 50598
50594 50582
50485 50474
50238 50215
49822 49813
49772 49759
49191 49161
49114 49100
48919 48894
49054 49015
48528 48501
48653 48611
47901 47891
47305 47302
47276 47207
47383 47373
47077 47076
47042 47032
46730 46727
46648 46643
46572 46490
46797 46782
45924 45913
45116 45109
45013 44968
44521 44494
43836 43822
44352 44338
43491 43471
42645 42533
42334 42330
42709 42691
42036 42013
41721 41713
41212 41200
41195 41129
41091 41090
41027 41024
40726 40714
40604 40599
40043 40040
39659 39639
40260 40257
39476 39457
38795 38783
38310 38304
37831 37828
37693 37657
37220 37218
36821 36799
36874 36871
36300 36295
36284 36266
36073 36059
35761 35744
35714 35702
35856 35853
34926 34900
34084 34006
33877 33875
33848 33793
33792 33790
33246 33238
32834 32816
33066 33057
32536 32524
32488 32479
32640 32627
32367 32363
32156 32126
31945 31925
31437 31421
31125 31121
30975 30914
30891 30885
30883 30874
30698 30683
30682 30604
30414 30359
30136 30092
29038 28935
29181 29151
28926 28924
28905 28903
28708 28691
27861 27858
27559 27550
27546 27523
27404 27402
27457 27430
27169 27124
26984 26977
26889 26857
26845 26828
26821 26815
26660 26659
26656 26653
26563 26546
26648 26611
26427 26416
25912 25881
25713 25701
25499 25475
25878 25857
24927 24910
24316 24315
23733 23723
23669 23666
23063 23054
22773 22756
22684 22669
22638 22637
22601 22498
22393 22379
22352 22273
22144 22143
22102 22080
21451 21446
21354 21347
21058 21027
20662 20659
19842 19840
19695 19674
19597 19585
19358 19318
19272 19267
18821 18781
18673 18655
18567 18527
18427 18424
18510 18495
17391 17347
17102 17095
16870 16850
16273 16196
15802 15795
15548 15545
15359 15342
15006 14953
14917 14881
15079 15069
14750 14668
14667 14658
14088 14048
13771 13742
14147 14135
14405 14337
13587 13573
13152 13144
13106 13105
13102 13093
13087 13064
12809 12806
12737 12732
12273 12268
12152 12146
12072 12068
11975 11969
11653 11602
11213 11208
11520 11508
11182 11168
10974 10932
10724 10718
9118 9108
8631 8625
9284 9276
6888 6827
6737 6736
6331 6318
6142 6140
5820 5811
5762 5730
5593 5585
5434 5430
5162 5135
5561 5515
4671 4658
4256 4254
4750 4717
4243 4242
4246 4245
3814 3798
3373 3350
2959 2948
2759 2707
2613 2612
2667 2621
1777 1776
1772 1754
1752 1703
1076 1061
1043 1030
1098 1096
828 780
111 63
482 458
377 356
423 405
216 200
77047 77015
74349 74301
63344 63211
57395 57373
56749 56685
39504 39277
32248 32207
28780 28730
21598 21504
8265 8220
77901 77879
12058 11995
79764 79744
16985 16962
79823 79794
79563 79542
79140 79105
78970 78916
76667 76666
77409 77341
76393 76374
75712 75700
74906 74877
74217 74184
74130 74128
73996 73989
73717 73710
73021 73011
72951 72907
72894 72867
72771 72741
71872 71853
70500 70485
70148 70118
69760 69749
69732 69731
68975 68952
68636 68613
65273 65252
66664 66661
64925 64897
64496 64475
62650 62636
64364 64334
62171 62170
61468 61412
59842 59834
59178 59177
58186 58185
57174 57129
57034 57013
57525 57512
56634 56628
55679 55671
54195 54139
52325 52311
52289 52254
51803 51785
49689 49646
50046 50032
50589 50579
49449 49395
48703 48700
50308 50306
48017 47998
46752 46712
46173 46158
43844 43839
42945 42941
42463 42437
43708 43682
41702 41686
41253 41249
40892 40885
40757 40703
40400 40346
40096 40066
40049 40034
39979 39975
39121 39113
36268 36265
35982 35965
35766 35750
35878 35871
35049 35047
34854 34852
34189 34135
33131 33103
32890 32878
30769 30766
28340 28328
29675 29648
30085 30053
27608 27586
27506 27503
27341 27326
25714 25709
25123 25121
24559 24546
24166 24158
23664 23654
22987 22962
21381 21319
20551 20549
17262 17240
16819 16800
16256 16238
15057 14993
16234 16225
14477 14472
14372 14345
14966 14965
14001 13978
13727 13712
13196 13158
13114 13067
13920 13844
11804 11730
11663 11643
10866 10849
10779 10742
9414 9400
9186 9097
8917 8846
7926 7885
10517 10493
9815 9811
9339 9334
7860 7852
7075 7042
6690 6673
5409 5390
6632 6612
5947 5853
5431 5429
4942 4929
5321 5315
4354 4347
5189 5185
2316 2305
1049 1036
1278 1276
918 882
666 654
298 284
79883 79881
79809 79800
79518 79473
79379 79374
79348 79330
78871 78818
78607 78596
78105 78090
77811 77806
77620 77547
77394 77370
77260 77250
77236 77221
77009 76997
77086 77013
76562 76560
76491 76480
76334 76323
76299 76281
76232 76164
75849 75820
75599 75592
75495 75476
75462 75461
75460 75459
75280 75255
75228 75119
74950 74940
74915 74862
74831 74815
74506 74467
75096 75074
74805 74801
74228 74219
74154 74149
73713 73684
73291 73285
73379 73303
73122 73112
73067 73030
72990 72977
72764 72747
72911 72883
72734 72709
72521 72518
71663 71655
71635 71634
71624 71622
71618 71594
71454 71441
71415 71394
71516 71511
71236 71235
71362 71341
71314 71302
71096 71080
70898 70864
70794 70772
70276 70264
70313 70296
70126 70124
70257 70253
70166 70137
69648 69646
69377 69349
69231 69188
68989 68979
68743 68742
68720 68641
69172 69160
68587 68572
69942 69937
68401 68398
68218 68205
67922 67920
67893 67874
67045 67044
66889 66886
67635 67631
66833 66828
66715 66714
66245 66243
66428 66427
66210 66187
65798 65785
66181 66133
65730 65717
65636 65622
65598 65554
65352 65347
65316 65275
64890 64862
64767 64765
64733 64654
64442 64434
64234 64231
64171 64170
64574 64572
64312 64285
63991 63939
63835 63789
63451 63426
63215 63214
63203 63199
62868 62823
63079 63075
63159 63155
62911 62899
62476 62469
62460 62446
62301 62277
62089 62078
62042 62012
61913 61869
61834 61826
61272 61262
61253 61186
60757 60745
60487 60453
60404 60390
60333 60327
60322 60308
60633 60628
60020 60006
60283 60261
60195 60166
59234 59229
59166 59153
59076 59054
59358 59353
59304 59261
58981 58978
58771 58758
58667 58647
58594 58590
58558 58526
58460 58435
58515 58497
58256 58250
58159 58155
57993 57978
57969 57964
57814 57807
57793 57752
57628 57619
57522 57495
57893 57881
57396 57309
56819 56818
56751 56722
56796 56767
56242 56230
56703 56680
56268 56267
56629 56627
56076 56045
56323 56320
55890 55884
55795 55790
55582 55578
55310 55299
55476 55461
55210 55183
55131 55124
55049 55034
54280 54274
54547 54545
53950 53944
54371 54353
53918 53877
53481 53476
52960 52936
52980 52977
52651 52643
53114 53071
52639 52584
52832 52807
52297 52250
52234 52147
52513 52508
52120 52118
51879 51859
51269 51266
51829 51820
51218 51193
52040 52018
51108 51084
50857 50846
50820 50795
50738 50735
50704 50662
50402 50392
50385 50365
50207 50179
50171 50165
50151 50143
50019 50012
49937 49932
49926 49879
49875 49856
49520 49498
49351 49345
49155 49133
48891 48885
48950 48947
48860 48852
48768 48764
48832 48794
48705 48682
48446 48381
48286 48281
48256 48244
48096 48081
48065 48053
47928 47913
47723 47717
47364 47353
47330 47325
47134 47133
47088 47079
47056 47046
46842 46801
46626 46583
46092 46090
45930 45926
45661 45634
45193 45158
44707 44696
45131 45118
45029 45022
44732 44721
44916 44901
44646 44633
44787 44760
44288 44236
44406 44359
44149 44097
43546 43545
43799 43788
43445 43409
42872 42845
42979 42965
42112 42087
41824 41806
41691 41684
41575 41559
41481 41439
41436 41420
41098 41093
41043 41040
41020 41019
40987 40968
40664 40635
40502 40480
40217 40212
39939 39931
39832 39775
40075 40065
39563 39551
39077 39021
39355 39343
39008 39005
38842 38830
38561 38511
38359 38323
38320 38312
38482 38444
38257 38246
37994 37970
38150 38137
37511 37477
37427 37408
37387 37370
37338 37325
37010 37009
36780 36720
36486 36462
36392 36375
36022 35993
35584 35583
35323 35284
35534 35517
35479 35448
34976 34975
34826 34821
35657 35638
35026 35022
34393 34392
34353 34337
33775 33750
34287 34272
33524 33511
33217 33201
33152 33088
33340 33329
32353 32329
32313 32296
31485 31443
31890 31889
31821 31774
31570 31543
31060 30993
30524 30514
30806 30759
30506 30497
29418 29417
30352 30345
29779 29749
29318 29291
29265 29230
29224 29210
29191 29186
28670 28655
28794 28791
28497 28485
28779 28770
29048 29044
28401 28384
28368 28365
28244 28209
27496 27472
27400 27376
28268 28250
27426 27422
27259 27252
27280 27268
27242 27224
26786 26740
26706 26664
26457 26445
26376 26345
25535 25504
25030 25006
25005 24971
24674 24652
24268 24253
24178 24159
24144 24120
23850 23810
23453 23428
23213 23207
23515 23476
23084 23069
22461 22424
22208 22178
22477 22471
21877 21873
22113 22104
21769 21748
21233 21220
21085 21081
21080 21064
20911 20871
20720 20715
20151 20006
20003 20000
19620 19611
19383 19372
19232 19207
19197 19180
19642 19637
19128 19108
18914 18904
18762 18725
18718 18697
18645 18592
18577 18568
18444 18430
18313 18308
18301 18297
18484 18471
18287 18282
18113 18065
17967 17942
17665 17578
17173 17149
17330 17177
17009 17001
17731 17716
16777 16769
17042 17027
16537 16493
16604 16578
16148 16136
16804 16793
15705 15617
15092 15083
14814 14801
14652 14650
14440 14411
14115 14105
14269 14262
14035 14032
13572 13561
13428 13422
13546 13524
13452 13439
12753 12747
12784 12772
12679 12671
12552 12497
12250 12229
12397 12379
11945 11940
11862 11848
11807 11769
11575 11556
11493 11448
10821 10785
11083 11071
10367 10358
10065 10027
9404 9374
8929 8922
8859 8810
8487 8453
8440 8438
7872 7868
8897 8869
8110 8105
7805 7786
7703 7631
7247 7245
6938 6915
6908 6891
6577 6557
6448 6425
6350 6340
5968 5916
6276 6208
5653 5651
6116 6096
6076 6039
5057 5054
4678 4677
4786 4773
4641 4584
4240 4209
3947 3944
3487 3477
4124 4112
3009 2974
2867 2852
3073 3062
2693 2674
2494 2491
2026 2020
1834 1829
1862 1850
1675 1666
1649 1640
948 936
578 566
560 542
275 259
79425 79423
78224 78179
76730 76726
75213 75203
73858 73828
69571 69539
67549 67518
65191 65181
63905 63865
63345 63337
60273 60272
56117 56099
57489 57485
58624 58610
56483 56479
55907 55904
54429 54428
53708 53701
56163 56142
53377 53353
52338 52328
51444 51418
48211 48183
39667 39656
39226 39222
47812 47779
36467 36455
34666 34602
34102 34081
31996 31995
30691 30670
25524 25493
21982 21973
21928 21915
22035 22024
19834 19771
19149 19141
20545 20498
19361 19356
14334 14292
12586 12528
11551 11550
10556 10547
12115 12114
10116 10102
9765 9761
7651 7639
6490 6478
6373 6347
4497 4495
4878 4784
2060 2006
3259 3257
79438 79394
79195 79173
79310 79274
79135 79134
78548 78497
78325 78324
78406 78404
78358 78341
78195 78183
78181 78153
77846 77824
77442 77418
77204 77188
76961 76941
76524 76518
76681 76640
75947 75938
75902 75861
75819 75815
75456 75432
75400 75378
75031 75010
74705 74678
74676 74628
74414 74400
74437 74424
73803 73778
73506 73495
73657 73654
73661 73659
73640 73634
72622 72561
72481 72391
72343 72275
71785 71780
70901 70899
70990 70954
70948 70945
70652 70612
70566 70554
70394 70362
70019 70011
69958 69955
69865 69861
69608 69605
69511 69507
69486 69478
69149 69129
69502 69492
69284 69255
69336 69326
68371 68338
68765 68755
68201 68177
68095 68061
67982 67970
68009 67998
67713 67696
67535 67513
67326 67321
67201 67199
66743 66720
66543 66520
66334 66300
67308 67265
66038 66023
65455 65441
65535 65529
65820 65809
65370 65354
66099 66090
64650 64609
64555 64487
64065 63994
63923 63888
63058 63057
62328 62302
62247 62242
61961 61933
62424 62414
62387 62385
61702 61668
61407 61383
61379 61365
61184 61171
61043 61040
61011 60918
60443 60422
60389 60380
60244 60223
60159 60131
60103 60091
59915 59873
59995 59988
59514 59505
59820 59817
58938 58919
59793 59716
58820 58795
58910 58856
58614 58609
58243 58216
58198 58193
58043 58042
57947 57934
57722 57703
57606 57605
57162 57151
57116 57089
56107 56078
56219 56213
55851 55842
55417 55406
55883 55868
55404 55383
55705 55647
54877 54862
54774 54759
54923 54914
54567 54554
54530 54494
54176 54140
54059 54052
53932 53926
53850 53847
53759 53729
53652 53587
53401 53381
53038 53021
52575 52565
52559 52520
52336 52326
53721 53682
51614 51608
52315 52303
51323 51319
51253 51251
51048 51020
51147 51126
50103 50089
50088 50057
50011 49999
49691 49690
49812 49798
49658 49618
49428 49426
48332 48318
48132 48110
47939 47936
48040 48035
47876 47865
48566 48536
47537 47514
46905 46896
46935 46921
46989 46979
46016 46014
45793 45792
45565 45539
45423 45391
45425 45424
45278 45264
45244 45241
44945 44939
44899 44888
44687 44678
44324 44310
43659 43640
43342 43329
43321 43316
43266 43223
43302 43280
43195 43190
43221 43212
43173 43121
42955 42935
43063 43039
42927 42890
42809 42772
42255 42245
41983 41966
42217 42155
41937 41935
41888 41873
41857 41838
41674 41670
41761 41738
41325 41322
40879 40875
41117 41115
40687 40685
40579 40571
40864 40860
40507 40503
40473 40469
39890 39884
39773 39680
39426 39388
39329 39324
39873 39855
39589 39571
39296 39256
38878 38856
38975 38967
38710 38702
38501 38498
38200 38177
38027 38011
37951 37910
37876 37865
37825 37820
37967 37953
37795 37767
37319 37310
37653 37622
37582 37563
37274 37248
37080 37073
37602 37586
37006 37000
36588 36586
36445 36424
35823 35817
36241 36222
36107 36100
34960 34957
35596 35592
35278 35273
34766 34745
34547 34537
34480 34443
33706 33701
34181 34176
35118 35107
34732 34696
33462 33448
33551 33529
32701 32690
32679 32646
33610 33561
31991 31958
33433 33371
31853 31835
31700 31689
32011 31999
31762 31711
31300 31298
31268 31243
31149 31145
31076 31068
30057 30007
30179 30174
30597 30571
30342 30340
29858 29837
29510 29487
29392 29378
28856 28848
29351 29350
29374 29368
29083 29081
28766 28764
28359 28336
28308 28273
28138 28110
28090 28065
27971 27968
27743 27671
27112 27106
26030 26005
25555 25552
25830 25825
25216 25174
25356 25282
24804 24790
24688 24682
24036 23984
23859 23852
23776 23756
23648 23605
23377 23323
23964 23951
23236 23216
23143 23111
23041 22992
22848 22832
21662 21634
21980 21910
21622 21609
21524 21510
21797 21786
21631 21630
21217 21197
21118 21103
20989 20912
21300 21287
21178 21151
20803 20777
20506 20446
20576 20526
19550 19534
17416 17412
17801 17751
17707 17697
17138 17106
19021 18944
17550 17533
16986 16954
16908 16899
16444 16430
16422 16391
16080 16066
16029 15985
16659 16626
15158 15154
14762 14761
14921 14920
14833 14819
14175 14151
14019 13910
13810 13776
14203 14193
13502 13487
13235 13229
12930 12860
12852 12836
12976 12972
12598 12571
12086 12081
12025 12009
11014 10998
10583 10580
10458 10451
10522 10516
10354 10325
10270 10241
10707 10704
10141 10134
10090 10079
8960 8950
7884 7875
7913 7892
7854 7836
7609 7591
7297 7282
7516 7468
6822 6791
7370 7363
7241 7167
7076 7008
7003 6987
6709 6667
6139 6137
5713 5661
5495 5448
5277 5271
4567 4562
4335 4267
5300 5295
4424 4397
3891 3818
4075 4013
3689 3654
3389 3375
3273 3222
3197 3177
2906 2894
2890 2885
2460 2458
2264 2261
2017 2002
2052 2047
1956 1950
1575 1537
1789 1779
1272 1250
1000 981
1449 1439
934 927
759 686
1084 1078
522 508
400 394
920 903
79990 79975
326 290
61 47
78815 78794
78413 78397
77895 77864
78746 78710
77308 77299
77696 77680
77226 77192
76786 76771
76926 76852
76851 76814
76576 76570
76397 76384
76611 76604
76166 76089
75349 75290
75282 75266
75105 75061
75057 75051
74865 74835
74922 74911
74741 74722
74026 73987
72982 72946
73338 73312
72570 72564
72433 72429
71875 71841
70766 70742
70663 70653
71379 71328
70187 70186
70457 70445
70369 70365
70008 69949
69924 69867
69426 69415
68890 68889
69329 69308
69145 69127
68563 68548
68814 68730
68527 68469
68186 68183
67991 67965
67902 67826
67786 67776
67521 67501
67660 67633
67300 67250
67179 67148
66990 66971
66969 66959
66251 66208
66542 66514
66122 66106
66294 66269
66098 66089
65228 65182
65495 65493
65310 65300
65029 65018
63986 63980
63929 63922
63526 63524
63698 63684
63305 63302
63794 63791
62832 62813
63029 63024
62403 62396
62873 62855
61774 61772
61747 61744
62013 62010
61883 61829
61719 61700
61926 61918
61292 61291
60763 60748
60612 60581
60740 60711
60514 60508
60092 60075
59989 59968
59361 59356
59273 59224
59090 59088
58301 58291
57208 57181
57165 57163
56731 56727
56279 56264
56806 56797
55076 55070
54708 54694
53733 53702
53447 53433
53347 53340
53296 53294
53143 53141
52970 52961
52684 52645
50939 50938
51286 51246
50353 50340
49778 49766
49683 49672
49814 49789
49275 49250
47453 47446
47962 47948
47386 47350
47020 47017
48334 48333
46937 46914
47422 47402
46987 46965
47756 47755
46461 46453
46795 46753
46000 45882
46538 46526
46095 46078
45715 45685
45610 45566
45524 45494
45403 45357
45319 45310
45238 45228
45201 45152
44994 44987
45085 45071
44962 44943
44776 44741
44101 44091
44009 44000
43879 43870
43567 43548
43305 43258
42559 42552
42532 42514
42502 42491
41705 41677
41651 41648
41406 41396
41178 41142
42214 42195
41118 41074
40681 40612
39877 39850
39771 39745
39646 39625
39552 39511
39450 39445
39402 39399
39169 39168
39341 39331
38229 38228
38285 38248
37316 37290
37048 37022
37066 37058
36996 36923
36846 36843
36760 36755
36278 36258
36342 36314
35537 35532
35117 35115
35454 35428
34248 34242
34442 34428
33002 32988
33588 33567
32544 32447
33158 33145
32843 32803
33107 33082
32678 32672
32337 32318
32072 32059
31356 31327
31450 31440
31095 31067
30584 30574
30377 30365
30277 30243
30195 30164
29691 29688
29813 29790
29788 29765
28981 28968
28505 28499
28760 28757
28710 28681
28284 28280
28060 27957
28213 28212
27951 27936
27914 27902
27200 27185
27789 27784
26855 26849
27090 27081
26124 26095
26085 26068
26050 26000
25866 25853
25804 25793
25712 25711
25678 25663
25642 25621
25455 25446
25791 25790
25056 25036
25269 25242
24938 24914
24906 24864
24811 24792
24392 24359
24818 24813
24183 24164
23965 23926
24722 24713
23576 23565
24162 24154
23255 23206
24033 24028
23009 23003
23676 23662
22784 22729
23190 23184
22978 22922
22558 22496
22365 22355
22344 22310
21930 21923
21369 21335
20810 20766
19964 19947
19819 19814
19622 19573
19296 19292
19158 19156
18861 18827
18591 18586
18274 18272
18813 18804
18241 18227
18224 18200
18192 18180
17678 17675
17633 17622
17645 17634
16670 16664
16335 16322
16107 16082
17965 17964
16030 16016
14985 14919
15902 15898
15717 15624
15551 15532
14723 14711
14643 14630
15008 14994
14537 14523
14365 14326
14254 14244
13772 13763
13384 13340
13514 13498
12746 12738
12829 12793
12617 12614
12532 12531
12494 12465
12439 12390
12305 12291
12238 12212
12090 12077
10165 10161
10262 10255
10788 10783
10095 10026
9821 9802
9659 9646
9852 9843
9451 9445
9415 9388
9267 9229
9120 9117
8955 8953
8746 8729
8720 8716
8260 8257
8480 8475
8189 8166
7687 7668
7814 7803
6619 6603
7576 7548
7288 7287
6313 6308
6401 6381
6380 6329
5824 5813
6221 6186
4512 4504
4057 4040
4754 4747
4098 4090
4484 4458
3584 3574
2839 2827
3548 3523
2924 2895
3035 3027
2524 2459
2198 2181
1563 1543
1485 1440
1296 1292
1034 1032
826 825
713 691
312 292
166 121
283 240
208 182
46796 46755
36571 36551
32634 32611
20917 20836
24136 24131
20834 20780
12997 12988
79969 79964
79675 79613
79022 78991
79368 79359
79734 79709
77163 77129
79266 79236
74459 74457
78320 78288
75252 75232
71231 71225
71432 71429
71164 71163
69907 69868
68472 68406
68522 68489
68961 68953
68308 68298
67611 67573
64412 64314
66349 66348
66884 66880
62744 62662
63252 63228
63421 63400
61863 61861
61432 61410
60840 60836
62551 62548
59675 59660
60533 60524
60248 60246
59104 59096
59020 59004
56836 56829
56947 56874
56674 56669
57258 57240
54445 54432
53846 53829
56408 56400
54901 54887
54477 54465
51927 51903
54586 54575
53271 53270
53252 53236
51984 51982
51591 51555
52927 52924
51818 51764
51180 51169
51633 51619
51530 51452
51116 51114
50621 50608
49463 49461
48937 48935
47193 47191
47511 47442
49741 49739
50534 50499
49687 49673
47112 47098
46920 46906
46687 46664
45633 45627
44887 44880
41112 41108
42401 42368
40705 40699
40397 40298
40737 40734
40199 40179
40142 40105
39854 39837
38944 38936
36848 36835
35219 35171
36372 36320
33720 33715
32920 32905
34227 34224
32204 32164
32441 32435
32235 32226
31441 31438
31593 31572
30338 30306
30072 30065
29822 29820
29944 29942
28647 28638
28100 28095
28021 27997
27664 27635
27102 27020
26521 26505
27933 27918
25422 25417
25261 25251
24419 24383
25163 25111
24202 24185
24650 24568
23805 23787
23978 23974
23287 23263
21842 21826
22271 22229
22372 22363
20764 20763
20762 20755
21360 21358
19804 19797
19067 19059
17093 17046
17979 17969
16750 16679
16298 16297
17526 17518
15824 15818
12280 12275
11264 11245
10891 10833
11356 11351
8531 8500
9206 9160
8338 8336
7831 7813
7317 7313
6173 6162
5323 5309
5258 5227
4682 4680
3988 3968
3349 3336
3333 3301
5400 5329
3205 3203
3034 3032
2918 2907
2454 2440
2185 2157
1527 1504
1501 1450
79560 79524
605 584
968 952
79455 79402
78436 78418
77771 77748
78512 78501
77705 77702
77595 77582
77181 77127
77124 77110
76536 76535
76358 76316
76442 76432
76500 76494
75980 75974
76364 76362
75921 75916
76244 76215
75771 75759
75730 75725
74826 74816
75470 75449
75399 75375
74714 74712
74639 74634
74588 74573
74284 74278
73982 73943
73911 73880
73347 73344
73745 73730
73077 73075
72882 72879
72533 72529
72356 72336
72501 72495
72144 72129
72318 72305
72170 72156
71905 71891
71662 71640
71262 71260
71726 71724
71286 71277
71134 71110
71053 71010
70823 70805
70713 70693
70408 70391
70232 70193
70180 70159
70058 70043
70090 70077
70132 70130
69733 69705
69555 69554
69078 69063
68686 68684
68657 68607
67490 67454
67938 67907
66803 66769
67717 67697
66750 66734
66724 66717
66449 66437
66487 66470
66263 66255
65942 65916
65822 65821
65800 65776
65628 65617
65357 65350
65537 65511
65119 65114
65082 65076
64596 64583
64146 64124
64091 64083
63954 63953
64123 64113
63595 63587
63752 63736
63559 63553
63457 63453
63424 63379
63449 63441
62807 62800
62788 62778
62659 62653
62799 62795
62593 62563
62214 62192
61948 61942
62447 62433
61894 61885
62164 62122
62547 62530
61568 61560
61544 61515
62259 62240
61504 61474
61369 61362
60659 60657
61033 61029
60697 60682
60573 60552
60499 60469
60346 60335
60145 60122
60071 60054
59798 59797
59754 59751
59966 59948
59681 59662
60149 60147
59066 59041
59443 59439
59102 59094
59084 59078
59036 59018
59011 59008
59006 58988
58974 58959
58861 58807
58900 58889
57804 57801
57942 57931
57634 57621
58025 58024
57592 57561
57133 57131
57108 57097
57480 57477
56670 56665
56822 56808
56501 56452
56576 56561
56304 56301
56255 56211
56208 56191
56160 56156
55592 55571
55266 55147
55118 55103
54949 54911
54656 54644
52560 52556
51932 51930
52164 52151
51843 51839
52872 52857
51765 51757
51667 51630
51541 51540
50782 50781
51142 51134
50248 50237
50383 50380
49889 49862
49993 49982
49591 49580
49648 49640
49555 49553
49186 49177
48924 48876
49422 49408
49130 49121
48652 48612
48516 48489
48993 48946
48441 48414
48253 48250
48231 48218
48392 48363
48064 48030
47870 47839
47759 47757
47646 47637
47237 47212
46111 46110
47252 47240
47315 47308
46744 46714
46432 46394
47081 47026
46039 46033
45643 45623
45880 45824
46125 46122
45680 45653
45267 45242
45447 45439
45544 45542
45145 45142
44658 44652
44497 44488
44671 44670
45342 45339
44262 44238
43034 43009
43771 43769
42923 42909
42453 42425
42320 42316
42300 42285
42274 42242
41855 41847
42066 42058
41193 41182
41617 41567
41313 41257
41522 41491
41368 41314
40359 40340
40315 40304
40063 40036
40174 40169
40132 40128
39828 39825
39733 39731
39232 39181
39089 39088
39305 39294
39271 39239
38745 38743
38727 38653
38639 38618
39099 39095
38127 38103
38394 38389
38225 38196
38175 38165
38063 38043
37966 37927
37977 37976
37671 37659
37798 37768
37641 37625
37600 37552
37356 37335
37086 37077
36562 36542
36522 36510
35829 35795
35492 35470
35792 35747
35578 35563
35553 35539
35373 35341
35394 35377
35017 34939
35312 35300
35112 35086
34575 34567
34719 34715
34426 34423
34140 34113
34417 34372
33625 33601
33544 33536
33881 33847
33439 33434
33682 33651
32956 32948
33348 33345
32624 32601
32573 32549
31927 31911
31707 31674
31127 31124
30681 30657
30283 30278
30347 30346
30303 30292
30334 30312
30630 30606
30087 30071
29921 29909
30100 30095
29762 29756
29499 29495
29174 29168
29321 29311
29492 29472
29300 29281
29245 29221
28921 28913
29135 29131
28151 28148
27927 27922
28476 28475
27766 27753
28252 28245
27464 27449
27717 27706
27231 27203
26680 26679
25754 25731
24991 24960
24522 24521
23828 23786
23511 23491
22295 22280
22186 22157
22147 22139
22410 22388
22128 22127
21837 21824
21776 21771
22115 22067
21391 21388
21800 21791
21454 21447
21189 21145
21040 21033
21029 21011
21010 20968
20888 20870
20923 20905
20673 20669
20103 20066
19901 19878
19422 19408
20439 20397
19323 19316
19093 19079
19480 19472
19028 19027
18932 18930
19754 19736
19043 19036
18360 18306
18060 18020
17772 17723
17452 17385
17228 17215
18514 18497
15908 15905
15515 15512
15223 15180
15106 15103
15075 15061
15020 15010
14847 14748
14613 14606
14742 14727
14494 14461
14089 14082
14003 13977
13321 13319
13219 13217
13037 13024
12940 12939
13169 13149
12682 12669
12652 12625
12074 12042
11830 11828
11822 11814
11105 11101
10812 10797
9216 9196
9495 9486
10349 10333
9116 9115
9086 9048
8568 8560
8760 8755
8455 8439
8112 8097
8093 8077
8282 8275
8067 8040
8000 7954
7932 7921
7919 7911
8024 8013
7855 7826
7450 7443
7822 7818
7614 7588
7049 7025
7663 7640
7367 7321
6945 6903
7154 7118
6885 6871
6816 6772
6752 6744
6299 6257
5718 5674
6157 6117
5672 5662
5605 5591
6414 6404
5473 5391
5363 5359
5907 5881
5147 5118
5036 5024
4959 4945
5106 5102
4211 4193
4160 4159
4452 4438
3953 3935
4192 4190
4015 4010
3651 3643
3640 3597
3224 3170
3360 3346
3493 3484
3156 3133
3263 3227
3008 2994
2888 2845
2800 2781
2734 2729
2648 2608
2571 2549
2370 2360
2324 2293
1658 1619
1723 1688
1241 1224
1102 1080
1056 1042
875 844
972 967
661 656
363 336
84 70
58 21
74559 74532
49315 49312
30138 30134
76048 76046
75643 75642
75103 75102
73015 73005
73073 73072
72370 72366
70460 70435
75989 75978
69104 69099
68237 68230
67485 67480
66218 66216
68287 68278
64485 64466
68569 68526
61540 61531
61759 61703
65135 65123
60347 60342
56546 56517
55114 55100
54104 54073
48793 48773
49012 48988
48740 48736
46309 46283
49459 49439
46720 46707
48491 48457
45073 45052
45592 45582
44821 44817
40158 40147
40033 40032
38592 38590
36552 36538
35889 35872
32523 32506
32401 32371
34691 34677
24899 24832
20513 20508
19732 19726
15858 15829
11435 11421
9816 9709
15598 15564
9427 9420
12369 12352
8609 8565
14844 14843
8380 8367
8076 8072
5649 5609
79882 79868
1381 1374
454 435
838 832
138 134
432 429
79944 79942
79716 79693
79295 79213
78844 78838
79154 79129
78692 78666
77844 77836
78365 78295
78271 78255
77742 77725
77458 77450
77410 77399
76688 76653
76062 76041
75566 75541
75288 75285
75050 75046
73573 73538
73699 73697
73765 73754
72906 72897
73140 73097
74229 74167
73025 72989
73060 73040
73145 73143
72640 72631
72854 72803
72119 72096
72215 72211
70601 70581
70321 70315
70470 70463
70283 70245
69863 69853
69054 69039
68947 68912
68429 68414
67452 67441
67772 67761
67249 67195
67140 67123
67034 67021
66954 66950
66879 66836
66430 66409
66129 66124
66700 66695
65876 65826
65105 65085
64981 64972
65753 65742
64621 64613
66390 66325
64241 64208
63877 63849
64107 64096
63544 63538
63550 63549
63829 63810
63440 63437
63299 63284
62766 62740
63141 63073
62676 62670
63227 63213
63010 62998
62735 62714
62635 62598
63021 63016
62559 62552
62484 62458
62105 62070
62227 62222
62061 62033
61740 61732
61781 61775
61683 61679
61426 61411
61105 61084
60989 60907
60277 60254
60438 60415
60237 60211
59822 59799
59774 59765
59837 59829
59796 59788
59919 59901
59572 59557
59549 59531
59614 59610
59509 59495
59351 59333
58649 58639
59075 59068
58631 58599
58517 58508
58587 58576
58411 58387
58258 58215
58286 58274
57975 57945
57906 57895
56512 56503
56287 56281
56435 56415
56859 56855
55014 54997
55791 55772
57329 57302
55039 55032
56126 56124
54976 54958
54592 54552
54864 54825
54221 54209
53982 53966
53851 53800
54281 54254
53601 53578
53964 53956
53332 53326
52471 52436
53264 53249
53175 53151
51384 51375
51303 51295
51492 51485
51080 51055
51244 51219
51040 51030
50929 50912
50901 50886
50548 50493
50454 50451
50142 50123
50198 50145
50119 50094
50085 50066
50029 49997
49860 49829
49223 49206
48285 48263
48932 48929
47623 47616
47789 47762
47716 47694
47588 47559
47546 47506
47294 47280
46240 46194
44933 44923
44458 44445
44346 44341
44186 44141
43999 43952
43748 43698
43863 43834
44062 44059
43527 43496
43390 43385
42111 42093
43000 42978
42010 42009
41010 40984
43088 43051
41460 41408
41135 41126
41639 41626
40943 40921
40463 40455
38945 38940
38831 38812
39943 39932
38610 38599
38354 38340
38365 38356
37872 37856
37730 37720
36691 36613
36750 36712
36087 36016
35297 35279
35235 35229
34876 34850
35137 35130
34803 34802
34370 34365
34185 34168
33970 33947
34086 34065
34033 34009
33191 33187
33132 33109
32375 32365
32597 32588
32649 32643
32698 32683
32148 32078
32054 32034
32415 32381
31763 31757
32308 32271
32245 32182
31385 31371
31286 31271
29280 29246
28964 28962
28473 28451
28443 28441
28825 28805
27724 27719
28663 28662
28520 28513
28425 28409
28193 28167
27777 27769
28403 28397
28147 28139
27672 27622
27374 27317
27535 27513
26838 26829
26760 26738
27556 27545
27255 27238
27160 27134
27076 26973
26504 26444
26142 26137
25546 25541
25526 25497
25034 25012
24482 24480
23760 23717
23773 23764
23468 23464
23332 23296
22861 22833
22617 22608
21823 21819
21913 21893
22725 22704
22435 22422
21759 21705
21384 21373
21206 21191
21557 21554
21141 21124
21119 21116
21108 21072
20664 20631
20362 20293
20727 20676
20544 20532
20279 20270
19313 19299
19380 19352
18770 18717
18793 18785
18658 18656
18562 18553
19289 19284
18405 18396
18258 18255
17710 17705
18017 17998
17668 17651
18799 18797
17519 17509
17701 17681
17167 17159
17085 17084
16475 16448
16446 16410
16312 16299
16290 16262
17379 17360
14575 14539
14195 14167
14449 14441
14320 14312
15152 15149
14124 14093
13939 13931
13591 13586
13957 13949
13205 13178
13011 12991
13846 13845
13715 13676
12608 12590
13098 13096
12374 12354
13827 13819
12843 12833
11765 11707
11578 11558
11183 11179
11037 11018
10898 10871
11298 11267
11089 11060
10321 10316
10687 10673
10748 10734
9536 9501
9640 9579
9299 9297
8983 8979
8778 8771
8549 8537
8629 8593
8320 8310
8201 8193
7535 7534
6688 6681
6170 6159
7709 7697
7112 7083
6734 6722
6592 6584
6100 6087
5285 5284
5099 5043
4721 4716
4785 4782
4689 4594
4405 4368
3993 3990
4249 4220
5381 5375
3694 3685
3884 3880
3478 3398
3507 3506
2765 2741
2720 2686
2419 2402
1332 1298
2220 2200
953 938
228 213
117 99
78630 78613
16 79998
77607 77592
78461 78450
78599 78586
78299 78293
77540 77538
78030 78017
77197 77170
77427 77415
78445 78443
77483 77441
77158 77100
75696 75679
75515 75465
75381 75355
75317 75294
75140 75122
75673 75661
76264 76252
75603 75594
74748 74735
74728 74701
75077 75053
74667 74659
74997 74989
74049 74030
73851 73835
73875 73854
73779 73740
73448 73432
72657 72596
72500 72467
72550 72543
70104 70085
70250 70226
70020 69981
70212 70206
69808 69780
69448 69446
68997 68986
69278 69230
68689 68629
68785 68763
68589 68578
68718 68706
68415 68399
68393 68385
67461 67457
67220 67181
67383 67382
67086 67082
66740 66737
67129 67127
66159 66158
65069 65049
65319 65294
65219 65146
64332 64310
63708 63703
63898 63889
63429 63417
63175 63166
62730 62697
62256 62232
62790 62780
61850 61825
61641 61621
62119 62076
61450 61442
61424 61415
60039 60029
59421 59400
59392 59365
59503 59494
58921 58907
58904 58878
58495 58488
57837 57780
58023 58020
57511 57505
57366 57363
57940 57933
56838 56813
56385 56379
57701 57685
57228 57191
56376 56370
56133 56131
55314 55287
55125 55117
56033 56032
54584 54562
55284 55273
53939 53921
54776 54758
53792 53757
53239 53230
53369 53368
53113 53110
52697 52660
52516 52514
52561 52518
52247 52243
52395 52392
52067 52051
51769 51760
51942 51936
51635 51624
50388 50378
51181 51176
50417 50416
50843 50837
49873 49870
49943 49929
50591 50566
49627 49626
50254 50251
49308 49291
49287 49274
49176 49132
49111 49103
47934 47933
48170 48155
47836 47804
48154 48140
47563 47561
47895 47893
47802 47786
45950 45936
45861 45822
45575 45567
45606 45591
46104 46088
45291 45274
45252 45230
44194 44164
44155 44153
43931 43913
43688 43681
43265 43255
43887 43878
43160 43138
43371 43361
42944 42943
42774 42761
42926 42905
42812 42806
42878 42851
42685 42683
42612 42590
41807 41795
42060 42048
41571 41570
42124 42106
41510 41507
41254 41238
41184 41166
40587 40566
40237 40234
39915 39875
40083 40052
39872 39865
39605 39603
39410 39401
39351 39344
39342 39339
39280 39278
38874 38852
38156 38128
38540 38527
38505 38483
37699 37661
37463 37441
36986 36962
36956 36919
37351 37340
36647 36637
36417 36414
36301 36209
36054 36026
35625 35611
35992 35991
35287 35248
34455 34420
34080 34078
33929 33926
34506 34500
34058 34056
33417 33408
32763 32741
32800 32787
32657 32655
32625 32606
32592 32580
32273 32244
32459 32414
32030 32020
33519 33485
32358 32349
31696 31686
31815 31814
31522 31519
31669 31644
29893 29888
31328 31307
31865 31861
30329 30313
30245 30206
30257 30256
29410 29406
29624 29600
29452 29429
29344 29325
29009 28996
29307 29273
28525 28504
28902 28896
28417 28408
28377 28366
27626 27585
27539 27476
26747 26744
27461 27455
26286 26258
26321 26315
25462 25439
25561 25549
24712 24697
24254 24190
23789 23769
23877 23866
23655 23618
22237 22220
23265 23258
22097 22073
21379 21365
21207 21172
21142 21139
21624 21582
22586 22580
20835 20805
20607 20586
20120 20119
20798 20789
20852 20845
20049 20044
19418 19407
20636 20624
20029 20015
20245 20217
19849 19835
18918 18906
18796 18790
18746 18745
19824 19822
19094 19091
18019 18003
16727 16709
16469 16466
17999 17991
16354 16309
18951 18921
17958 17935
17491 17484
16240 16226
16142 16138
15857 15828
15628 15591
15262 15228
15217 15216
15687 15682
13293 13269
12840 12801
13258 13228
12947 12942
12636 12634
13302 13299
12459 12452
12949 12948
12728 12724
12422 12406
12650 12642
12028 12022
12010 12006
12588 12553
12048 12041
11875 11787
12252 12247
11634 11615
11427 11416
11471 11466
10365 10337
9636 9616
9600 9593
9591 9540
9463 9458
9122 9092
8479 8472
8802 8766
8570 8492
8202 8173
8171 8160
7564 7562
7078 7077
7001 6986
7931 7914
7710 7695
6243 6237
5741 5731
5547 5543
5875 5847
5829 5783
4813 4811
5484 5442
4937 4935
4889 4854
4701 4687
4406 4377
4276 4265
3411 3377
2058 2037
2313 2277
2914 2909
2552 2529
1930 1913
1909 1907
1596 1594
1555 1491
1729 1709
1304 1252
642 616
527 521
59562 59532
57734 57732
45998 45951
37198 37196
38722 38715
37474 37462
31140 31135
8786 8689
19295 19275
8038 8037
9329 9326
2821 2762
5050 5007
79623 79620
75965 75959
73844 73804
73220 73216
75226 75220
72656 72655
73191 73162
70862 70843
76183 76174
69165 69154
68869 68841
70506 70473
68354 68347
68977 68962
65907 65894
65612 65609
62511 62498
64190 64175
63254 63251
61048 61042
63911 63892
56353 56327
56755 56744
57060 57054
55506 55479
53745 53735
55424 55388
52745 52742
52955 52935
56968 56945
51361 51354
52537 52534
52500 52488
50776 50729
50475 50470
51097 51094
50438 50412
50709 50689
50653 50651
51430 51427
50448 50443
56602 56600
49372 49350
50064 50045
48476 48460
49407 49382
44649 44642
50213 50210
43812 43802
47340 47317
47143 47136
46598 46580
49087 49053
44314 44291
43465 43401
44634 44602
47167 47158
42742 42728
44237 44215
42004 41950
40610 40601
38091 38077
42381 42362
42177 42174
43538 43530
36376 36374
40197 40178
37818 37807
34911 34892
36768 36762
36175 36168
31970 31929
34493 34456
31783 31776
31132 31131
35028 35024
30951 30877
31615 31592
31424 31404
29047 28990
33184 33161
29747 29709
28957 28923
28479 28477
28083 28071
26289 26279
23879 23860
24101 24090
24644 24619
22701 22691
22228 22217
21290 21248
19780 19761
21605 21569
18494 18447
16220 16197
16195 16161
16058 16037
15330 15307
9871 9869
9854 9853
12245 12239
10480 10453
9573 9558
9425 9421
10611 10596
12207 12204
9337 9335
8425 8424
8371 8368
6647 6628
5178 5174
79696 79662
2235 2230
79830 79773
79858 79832
79959 79955
79708 79697
79489 79469
79410 79398
79199 79147
78790 78751
78477 78473
78121 78084
79722 79720
78606 78603
77973 77962
77860 77853
78004 77995
77940 77917
77650 77619
76796 76738
78347 78305
77773 77765
77832 77784
77078 77066
76732 76721
76939 76912
76657 76650
77382 77365
76537 76505
76403 76373
76085 76077
75867 75834
75179 75176
75585 75584
75278 75237
75164 75155
76056 76030
74872 74830
74814 74795
74775 74768
74763 74761
74524 74505
73923 73922
73812 73786
74070 74069
72404 72393
73377 73358
72536 72504
72362 72353
72288 72264
72872 72859
71745 71743
71734 71716
72084 72080
71456 71439
70999 70993
70853 70835
71090 71083
70298 70260
70616 70551
69624 69620
69675 69669
69501 69482
69417 69406
69339 69299
69097 69073
69014 69001
69029 69021
68984 68982
69903 69897
68867 68833
68817 68809
68555 68545
68464 68442
68367 68358
68595 68593
68350 68344
68126 68108
68046 68043
67933 67919
67913 67862
67811 67771
67380 67350
67270 67263
67541 67522
67494 67483
66718 66689
66474 66461
67482 67472
67395 67387
67256 67253
67338 67288
66236 66234
66458 66438
65935 65874
66107 66103
66523 66482
66031 65990
67080 67040
65794 65793
65987 65977
65777 65747
65080 65073
65513 65479
64792 64775
64998 64967
64651 64646
64450 64441
64637 64636
64867 64854
64365 64353
64210 64202
63824 63812
64197 64192
63486 63466
63101 63089
63454 63448
63074 63066
63110 63103
62878 62848
63618 63614
62553 62540
62064 62031
61726 61713
61534 61491
60963 60962
63362 63329
61886 61859
60996 60988
61546 61538
61986 61974
61964 61945
60931 60915
60379 60357
59920 59867
59852 59835
59795 59761
59760 59759
59659 59622
59210 59204
59621 59552
59127 59098
58549 58543
58154 58140
57923 57904
57860 57847
58875 58874
57751 57750
57356 57345
57318 57253
57249 57229
57061 57058
56217 56182
57167 57117
55970 55953
55908 55871
55773 55764
55839 55810
55994 55972
55779 55777
56701 56688
56162 56154
54471 54468
54178 54055
54036 53975
53465 53408
53221 53211
52959 52942
54295 54276
53199 53170
53149 53136
52438 52424
52893 52864
52375 52341
52490 52464
52030 52027
52224 52216
52129 52084
51885 51868
50770 50698
51129 51121
50368 50363
50410 50405
50010 50004
49950 49944
50230 50223
49652 49647
49857 49794
49062 49059
48808 48787
49031 48999
48688 48670
48746 48743
48595 48590
48734 48728
48542 48541
48430 48428
48063 48051
48044 48036
48092 48084
48032 48012
47368 47299
47186 47181
47262 47258
46930 46904
46859 46857
46889 46886
47667 47641
47063 47062
46403 46375
46009 45979
46333 46291
47244 47214
46164 46137
46517 46515
46067 46057
46106 46105
45700 45693
46271 46267
45468 45458
45343 45335
45309 45296
45888 45871
45259 45253
45159 45155
45322 45317
45016 44992
44782 44757
44913 44870
43717 43715
44143 44133
43298 43273
43102 43094
42696 42692
42336 42317
42297 42267
42028 42008
42717 42705
42072 42061
41994 41988
41565 41564
41412 41400
41038 41005
41532 41517
40862 40849
40959 40945
40193 40170
40356 40326
40265 40262
39650 39647
39816 39804
38987 38928
39360 39354
38921 38916
39128 39110
38072 38070
37724 37721
37895 37863
37481 37465
37838 37836
36470 36454
35870 35832
36126 36113
35418 35417
35120 35065
34956 34918
34673 34663
34490 34487
35290 35288
36195 36189
34472 34468
34391 34355
34116 34092
34030 33990
34326 34314
33645 33642
33403 33399
33393 33384
33320 33312
33839 33837
33295 33289
33595 33570
33123 33092
32814 32808
32702 32694
32500 32495
32474 32466
32183 32173
32163 32142
32109 32091
31803 31801
31627 31621
31052 31041
31181 31171
30947 30944
30896 30868
30775 30768
30546 30536
30987 30948
30481 30409
30153 30149
30703 30697
29782 29778
30339 30331
29674 29642
29886 29866
29593 29591
29564 29526
29863 29862
30307 30259
29264 29256
29507 29486
29586 29574
29482 29459
29105 29104
28895 28890
28534 28529
28174 28169
27883 27873
27688 27681
27108 27092
27258 27165
27795 27748
26789 26777
25695 25660
24948 24900
25407 25402
25203 25165
24827 24824
24354 24353
25077 25042
24604 24591
23768 23765
23596 23584
23370 23358
23410 23378
22732 22731
23077 22985
22643 22619
23162 23159
22849 22838
22532 22491
21757 21742
21521 21495
21493 21473
22385 22383
21811 21807
21363 21329
21056 21045
21403 21402
21042 20993
20739 20733
20725 20716
21160 21152
20768 20745
19909 19895
20172 20160
19508 19497
20379 20342
19466 19458
19634 19615
19956 19948
19379 19344
19214 19202
18570 18569
18738 18714
18563 18547
18399 18383
18340 18339
18196 18184
18493 18455
18232 18225
18137 18134
18167 18151
18100 18094
18090 18063
17630 17619
17465 17439
17433 17401
17126 17112
17080 17051
17894 17823
17000 16946
16844 16836
17363 17349
16775 16740
16658 16607
16457 16399
16582 16581
16589 16583
15913 15886
15812 15811
16081 16050
16120 16084
16577 16569
15336 15325
15170 15167
15571 15536
14960 14935
14676 14651
14473 14470
14707 14706
14330 14304
14409 14402
14137 14119
14360 14351
14862 14861
13756 13747
13929 13922
13664 13652
13457 13455
13444 13443
13129 13126
13070 13046
12800 12791
12633 12631
12116 12109
12507 12506
12381 12372
12246 12219
11939 11936
12179 12176
11984 11948
11906 11879
11559 11536
11373 11313
11414 11392
11593 11589
11187 11144
10942 10920
11036 11021
10879 10873
10743 10737
10442 10436
10208 10186
9926 9879
9449 9437
9754 9749
10550 10530
9737 9719
9435 9391
9325 9323
9019 8958
8884 8835
8471 8460
8738 8721
8653 8646
7472 7465
8246 8241
7759 7755
7197 7155
7095 7092
7279 7246
6172 6166
7362 7358
6138 6128
6495 6486
7148 7132
5991 5964
5534 5516
6384 6322
5101 5087
5350 5336
5047 5020
5502 5490
5215 5211
5395 5371
4948 4938
4513 4479
4019 4018
3557 3553
3963 3961
3505 3501
2222 2188
1984 1976
874 866
1669 1655
1160 1158
2271 2225
1445 1435
1333 1319
894 885
1006 1002
1146 1135
174 144
80 72
73773 73766
11113 11095
74056 74038
60035 60008
62429 62428
53512 53511
59460 59452
56541 56533
52589 52569
59314 59278
56994 56989
58490 58473
53924 53914
51336 51334
48143 48134
41017 41016
44047 44016
57161 57152
40280 40224
38995 38983
31586 31462
21466 21462
16935 16834
13621 13600
27869 27856
23612 23577
21565 21560
10502 10497
19263 19227
24616 24603
10390 10385
9688 9685
9295 9281
7239 7163
78703 78681
79095 79043
78284 78283
79766 79759
78041 78035
78744 78737
76167 76156
76022 75991
76702 76698
75234 75186
74983 74972
74595 74565
76337 76319
74417 74359
74633 74605
74470 74469
75629 75615
74344 74336
74637 74635
73892 73882
73712 73708
74461 74460
73348 73274
73080 73079
72801 72738
72338 72327
72713 72712
72260 72210
71989 71975
71126 71099
71025 71013
71657 71648
71885 71842
70833 70828
70436 70425
70987 70968
70447 70437
69771 69738
69396 69392
70217 70216
67450 67415
67231 67226
67973 67959
67102 67087
67112 67107
68703 68701
67287 67284
66943 66936
66993 66962
66855 66848
67173 67130
66846 66790
66138 66123
64907 64871
65436 65434
64808 64800
66096 66068
65108 65098
64754 64719
64432 64428
64768 64758
64399 64371
63948 63933
64262 64260
64049 64006
63762 63746
64147 64108
63740 63728
63243 63236
62906 62885
62612 62583
62773 62760
62643 62631
62693 62669
61140 61126
61678 61654
61109 61107
62195 62162
60904 60885
63577 63556
60228 60225
60625 60600
60206 60152
60680 60640
60466 60416
59749 59741
58826 58817
59248 59226
59308 59283
58299 58297
58702 58700
57503 57486
58483 58437
58417 58409
57079 57073
57985 57984
57093 57090
56801 56765
55501 55346
56741 56728
54932 54908
53359 53291
53854 53810
