882
27808 27801
26468 26462
27365 27356
29158 29148
26690 26687
30757 30732
28847 28775
29345 29326
31275 31264
31961 31950
33779 33777
31557 31526
32432 32419
32570 32561
32258 32254
34273 34262
34211 34208
37236 37207
34241 34234
34251 34247
34054 34047
37239 37237
35574 35546
35483 35468
40150 40144
38740 38733
39188 39185
39166 39165
38538 38510
39299 39282
41221 41187
39179 39173
41508 41505
41586 41583
41361 41330
41599 41597
42296 42286
42733 42727
43076 43042
44333 44323
44631 44598
43233 43230
45211 45167
46212 46183
45940 45939
45519 45502
45092 45065
46634 46627
48498 48484
47894 47879
47483 47470
48135 48119
50728 50708
52241 52220
50121 50105
50624 50622
49203 49201
54418 54392
53673 53644
55498 55439
55668 55660
54717 54689
52995 52971
55397 55392
55562 55513
54224 54211
56445 56363
55902 55859
55789 55724
58156 58119
60660 60641
59492 59475
60437 60427
60770 60768
59773 59727
58825 58824
62092 62086
64261 64219
62034 62028
62603 62600
63225 63209
64885 64702
63798 63780
62534 62514
69263 69203
65978 65928
65153 65129
67689 67685
66253 66244
65766 65755
68993 68985
68103 68086
68420 68349
71265 71232
71305 71273
69334 69296
69681 69581
69905 69902
70474 70472
70943 70939
73273 73248
73403 73385
72036 72033
71437 71374
72644 72528
78610 78541
71934 71910
74655 74626
73581 73579
78905 78872
75309 75284
74352 74335
78788 78786
74405 74363
949 891
1141 1128
97 74
79080 79058
150 149
6099 6083
1342 1170
320 306
2174 2108
2903 2886
3866 3843
3533 3516
5324 5292
6351 6319
8670 8614
7419 7408
8363 8304
10745 10744
10405 10331
10279 10172
12857 12813
13483 13465
10715 10675
13851 13789
14352 14259
14848 14829
12385 12382
14661 14604
15337 15289
14726 14702
20115 20102
16113 16094
17275 17246
14764 14741
19245 19240
14871 14856
24573 24558
24852 24778
21084 21019
27637 27613
27428 27411
26514 26472
28231 28153
27278 27272
29791 29775
29607 29527
33458 33339
30107 30083
31111 31062
33806 33486
31985 31964
32853 32847
35518 35513
35200 35199
37502 37456
35136 35052
40436 40409
39599 39591
40514 40454
44138 44085
42482 42462
44300 44217
44158 44145
45731 45708
49609 49600
48336 48257
48588 48551
51941 51867
47833 47754
52172 52107
51740 51690
53650 53592
52836 52794
54007 53865
54506 54463
55901 55807
56157 56067
56347 56306
56017 55990
58604 58547
58471 58415
59914 59897
59690 59646
60428 60180
61170 61041
60705 60613
63122 63117
66340 66339
61300 61182
66241 66163
68803 68680
68129 68118
66528 66436
67298 67230
65887 65886
67980 67937
69424 69355
66821 66694
67345 67336
69352 69318
69225 69191
77366 77268
76461 76399
78502 78493
79822 79796
6835 6798
77149 77099
77869 77838
79032 78984
295 220
2657 2631
3722 3647
4041 4029
4967 4921
4855 4831
5265 5253
9320 9303
9293 9235
9679 9649
16521 16497
18457 18442
18809 18767
16795 16697
20757 20721
18345 18218
20954 20924
20363 20206
21916 21831
23520 23425
23232 23153
23137 23060
23310 23243
24364 24362
24234 24180
24149 24119
24097 24086
24990 24973
24301 24294
26863 26746
26649 26586
27204 27157
27540 27465
26913 26871
27691 27668
28585 28519
27021 27015
27788 27771
27283 27282
31667 31624
31448 31395
31920 31915
32145 32130
32759 32660
31827 31804
34232 34217
34322 34292
35575 35552
38263 38181
37213 36953
38013 37992
38517 38486
38289 38264
39945 39933
41110 40944
39011 38962
38662 38579
38576 38562
40644 40633
41164 41147
42786 42697
41968 41889
42273 42271
43264 43200
47719 47700
50361 50322
52567 52550
51853 51802
51288 51212
54764 54673
48888 48815
52077 52068
54785 54765
57704 57688
57932 57914
58080 58057
59027 58741
59499 59426
59306 59293
59242 59240
59783 59772
61841 61770
65363 65342
65026 64977
65271 65253
66331 66287
66659 66576
65524 65486
69972 69946
70476 70413
68168 68142
68611 68557
74444 74423
74536 74516
73400 73333
71909 71788
74402 74355
74028 74002
74750 74673
75424 75390
75619 75607
76102 75881
74991 74938
75489 75447
76223 76177
76928 76846
79221 79193
189 167
523 460
79775 79769
2869 2775
3312 3280
4328 4315
5100 5052
6034 6026
5882 5857
5122 5115
6464 6436
8784 8723
9984 9956
10820 10816
11322 11259
19384 19369
19977 19908
22856 22814
20059 20010
29079 29049
34150 34119
33915 33859
34585 34548
39097 39034
37826 37812
38557 38533
47465 47460
47394 47388
45901 45853
48778 48735
49468 49225
52087 52082
52881 52874
53197 53196
53311 53307
54836 54809
53251 53234
55798 55756
58231 58177
57484 57465
54409 54332
60983 60969
61623 61559
62965 62940
62096 62066
64288 64144
62352 62163
68480 68436
69110 69081
71131 71072
74137 74114
74515 74501
75275 75180
78968 78935
79930 79844
79421 79385
79575 79495
77604 77509
79628 79612
76590 76584
77199 77159
76260 76237
73599 73591
74897 74781
73217 73190
73686 73638
72190 72154
71381 71274
71214 71186
70270 70249
70084 70017
70240 70183
69898 69873
70767 70764
69821 69803
70717 70630
69317 69246
67683 67654
67196 67144
68973 68972
67110 67052
67617 67538
66157 66093
66429 66363
65882 65839
58534 58479
60887 60806
52263 52251
51359 51340
51442 51438
51784 51770
50221 50136
51127 51072
51305 51293
49975 49796
50081 49989
47687 47680
48527 48511
43157 43142
40621 40535
47128 46995
42121 42019
40303 40277
39895 39846
41877 41866
37269 37252
33957 33921
35427 35420
33183 33108
33481 33475
31891 31866
30989 30952
31377 31359
30588 30480
28112 27977
27149 27137
28891 28803
24951 24883
27380 27338
26448 26402
25161 25124
23831 23696
19800 19729
22918 22914
18576 18475
18911 18910
11501 11497
20684 20598
13318 13314
11982 11903
8711 8708
8583 8556
8515 8416
6579 6564
5241 5226
5797 5766
4069 4050
3452 3435
9476 9455
3001 2991
2955 2946
2366 2348
1526 1472
78868 78842
79161 79153
78476 78307
78063 78044
77092 77076
72292 72240
71169 71145
72891 72772
73791 73714
73529 73527
73496 73479
71062 70992
70390 70341
70163 70143
69185 69121
70604 70588
69475 69464
69560 69523
67802 67791
68008 67988
66963 66877
66565 66538
65467 65431
65229 65144
64656 64630
64595 64576
63837 63776
61979 61856
65581 65559
64942 64826
64321 64298
64728 64707
63201 63167
63750 63718
62120 62112
62896 62866
60779 60756
62502 62489
60530 60449
59896 59840
60043 60031
61541 61524
61359 61326
58723 58714
57885 57882
58238 58237
58169 58144
57781 57714
57248 57226
57334 57282
57098 57024
57276 57270
56927 56866
55754 55737
53193 53163
54900 54859
55356 55317
56640 56381
54443 54415
53589 53522
52533 52511
54258 54208
51951 51945
48402 48371
49138 49116
48129 48107
46993 46992
47991 47951
46656 46628
46616 46568
46410 46405
47425 47410
47672 47614
45279 45273
45102 45023
46541 46522
44064 43923
43412 43378
43522 43472
44526 44505
46504 46486
44835 44650
44988 44969
45000 44993
43020 43016
41484 41472
39636 39616
39795 39759
42931 42844
39587 39560
37436 37410
36887 36616
36251 36224
35880 35866
35511 35494
35371 35340
35976 35930
34927 34916
34470 34461
38069 38047
34431 34352
34764 34593
33058 33047
29896 29812
27899 27859
31512 31509
30842 30820
29743 29638
24766 24743
26727 26695
26390 26278
24735 24622
26080 26020
24512 24450
25993 25977
25779 25724
23963 23871
23389 23382
22722 22688
21752 21640
22859 22857
21150 21093
21432 21418
19360 19350
18663 18651
17409 17393
16943 16901
19080 19041
18441 18398
16832 16807
14460 14430
15438 15390
14029 14007
16403 16379
13959 13945
12957 12873
12687 12569
15888 15803
12300 12292
10456 10428
11613 11522
11399 11362
9892 9861
11482 11480
11175 11069
9079 8934
9942 9930
9836 9834
10324 10292
7891 7862
7953 7942
7389 7327
10017 10012
9197 9184
8895 8789
7690 7674
7642 7615
7182 7059
6786 6761
7760 7748
6253 6249
4554 4521
4477 4455
2689 2670
2046 1832
2423 2406
831 787
427 416
758 739
78667 78621
78602 78571
79337 79318
76773 76703
79993 79956
79168 79166
75586 75543
75380 75379
73302 73296
77787 77677
74080 74068
74264 74260
72430 72401
73855 73839
72322 72299
72126 72120
72099 72097
70135 70114
69872 69864
71484 71446
69678 69653
68107 68093
68542 68485
64540 64526
64143 64102
61438 61398
64773 64745
64502 64366
57567 57529
56948 56946
57870 57785
55271 55207
53861 53825
53162 53157
52374 52286
55176 55151
53517 53442
52634 52615
53434 53390
54299 54264
50687 50671
51659 51550
51431 51398
51068 51017
50995 50944
50940 50870
48487 48485
48359 48342
47197 47188
49076 49023
46514 46510
45672 45600
47300 47274
48054 48031
45593 45585
47264 47209
45469 45460
45187 45105
44608 44571
44863 44851
43770 43724
43666 43630
43001 42993
40264 40259
40911 40823
45440 45348
43704 43675
39251 39231
38453 38446
37708 37562
41749 41515
39262 39258
35683 35646
40240 40189
40045 40025
38436 38418
35849 35704
34839 34831
36528 36443
32420 32400
34866 34862
32639 32591
32202 32166
32105 32073
31350 31226
34539 34479
31507 31484
30787 30778
28728 28656
27264 27261
25675 25633
25249 25221
24444 24442
25569 25568
25941 25885
29365 29270
22870 22867
24874 24858
22408 22316
23617 23554
20850 20808
22480 22473
21638 21617
21828 21822
19414 19397
20571 20473
24614 24587
19213 19210
15584 15507
17203 17115
15382 15340
9576 9550
13714 13690
12228 12143
13773 13724
7972 7959
5749 5702
5950 5886
4268 4235
8033 8010
5597 5438
7024 6923
4155 4147
2590 2586
2630 2618
2266 2175
7278 7185
1452 1417
1796 1778
1641 1634
78795 78789
79369 79297
75827 75821
76162 76124
74946 74942
75817 75813
74036 74024
73979 73946
73053 73046
72784 72774
72016 72003
70267 70265
71810 71800
70464 70458
70451 70337
69896 69894
67731 67726
68806 68768
66929 66926
68156 68151
68067 68052
66553 66536
65045 64928
64649 64631
66578 66569
66597 66594
66399 66276
64528 64512
65890 65873
61874 61849
63743 63739
61637 61628
61331 61319
61793 61788
61370 61353
59703 59696
61739 61673
61079 61070
58366 58348
59623 59561
58676 58665
58598 58559
58319 58318
57700 57681
57095 57076
57428 57423
56548 56509
56695 56693
55838 55817
54959 54882
51741 51739
52800 52780
51368 51316
52416 52367
50668 50650
50167 50148
51527 51520
49148 49147
49056 49040
49639 49636
49024 49003
48995 48987
49339 49323
47145 47066
47686 47676
48473 48470
47673 47656
46939 46925
45581 45531
46324 46322
47162 47154
41972 41970
41777 41747
41960 41940
44435 44427
41969 41965
41556 41551
41831 41825
41496 41469
40279 40250
39786 39765
38153 38107
37791 37783
37665 37660
38426 38421
39732 39703
37333 37332
37495 37469
35135 35078
34587 34511
34425 34415
34851 34804
33951 33917
33768 33766
33571 33560
33414 33313
31683 31647
30210 30203
31047 31018
30397 30391
31365 31355
30188 30181
29042 29035
30783 30781
28078 28044
29324 29312
29801 29798
26558 26517
26056 26053
28674 28576
