426
775
75
616
755
877
167
799
265
516
605
964
941 175
34
954
972
900
749 221
313
323
923
194
467
987
272
561
555
618 589
187
377
781 161
159
578 403
247
560
216
468
189
724
201
473
360
792
21
860
5
939
446
406
539
508
902 104
393
328
867
309
644
637 337
485
596
567
23
779
927 55
48
688
715 226
934 59
287
113
603 322
608 498
660 335
945 84
549
654
197
127
217
429
788 310
990 46
756
423
805 244
211
87
275
899
890
630 487
547 405
551
348
439
103
294
517 492
763 252
911 143
92
657 250
545 529
495 2
711 234
737 227
771
818 160
769 171
609 373
774 168
918 128
994
474 459
820
109
997
689 290
588
562 6
717 215
720 224
857 165
879 173
632 432
503 501
528 437
536
853 147
967 47
22
897 66
953 30
996 36
858 138
497
524 461
701 368
78
286
841 156
544 394
572 518
563 478
920 151
834 123
607 510
838 126
664 350
952 124
683 527
716 318
765 307
770 231
543 249
675 345
930 96
973 18
662 371
817 200
583 490
676 248
813 243
681 336
509
557
903 115
522 475
760 297
993 31
452 12
471 263
862 144
643 407
873 105
965 61
956 72
866 199
832 137
937 80
847 20
454 444
984 32
601 385
553 242
861 27
947 40
619 169
789 280
513 481
665 438
801 259
808 270
795 108
735 402
988 52
943 146
494 410
921
837 88
835 157
392 10
751 256
686 413
740 386
482 422
894 15
960 67
929 101
881 130
617 458
615 183
703 327
653 388
885 150
915 93
846 195
581 204
912 133
800 236
409 344
991 26
982 44
455 424
511 289
856 153
797 94
521 262
661 114
744 118
469 341
721 162
408 372
726 304
620 447
995 8
470 339
670 415
932 99
796 91
714 401
840 155
758 172
833 182
814 51
936
977 49
624 355
815
622 365
580 428
958 65
891 129
697 330
957 95
872 134
537 383
695 273
636 343
825 188
612 443
705 321
949 76
7
625 414
416
753 198
794 285
325
638
706
836
277
728
571 525
579 465
928 57
139
550
674 376
196
436
631 484
573 382
962
985 54
802
876 102
684 238
882 116
585 353
816 223
472
919 71
651 288
89
300
810 163
404
546
824 119
203
793 131
732
504
329
241
595 266
759 271
582 375
731 214
381
848
566 426
628 366
534 434
577 464
480
745
451
590 338
28
871 218
951
125
709 359
142
828 85
90
314
4
880
668 257
761
479
50
710 331
910 58
969
723
499
532
149
645
700 466
228
942
166
296
633 384
41
433
535 64
205
260
145
768
83
599 390
25
855
673 542
979 69
370
974 68
387
3
576
981 0
62
725
81
450
281
219
924
889
950
898 291
279
704
916 97
613
727
463
457
868 82
154
70
698 246
302
367
587 398
961 37
13
606
230
773 206
229
179
364
901 264
564 427
729
746
806 158
913
320
19
896
488
301
736
38
666 269
411
148
777
812
629
887
559
831
909 191
254
181
730
