669
4114
40085
21153
2364
11364
10439
7672
16802
3356
765
7719
51052
39064
39462
4786
61710
15978
13846
14719
3055
16946
13935
3764
4590
20367
33060
2449
2946
20768
5357
22797
324
4019
40478
56701
28198
2372
39561
2555
21610
1745
10501
11241
8952
13919
16582
4243
551
17428
40273
3377
39076
18182
22497
23989
22752
13425
459
13637
12717
5013
25251
901
5958
1208
17072
4607
4529
16910
12342
4978
6909
13206
21865
50710
1413
22656
6200
8431
6937
30181
12247
3198
40598
11349
8035
131
834
17135
31123
5267
4793
6138
9762
26076
6864
7466
12594
16259
6514
23833
19323
7536
26309
54029
4419
19034
15603
5685
2544
25367
2086
5719
8631
1245
1037
1962
5567
17572
1874
39598
19961
24090
24204
6588
14171
4437
23119
858
22240
2592
6681
4780
17473
1772
24972
24111
27965
23065
21439
2374
11659
27240
29621
8656
1736
7502
16828
23694
5315
8641
6849
9627
10199
746
13944
27204
2252
12883
8030
11665
33630
8723
14434
21215
18664
48444
38131
39456
532
20972
2663
36001
43760
38237
29692
24365
1541
11554
12807
13352
47509
17112
12372
716
27691
6976
1190
150
4165
39695
1953
19523
1548
15330
51356
7740
42206
7155
998
247
14575
18279
3647
14944
2539
47914
32537
14362
28733
11710
2231
7383
5821
821
47267
38679
12000
4195
22403
15953
53797
11992
36986
20712
66755
18853
16234
11636
24010
16678
12522
7777
7192
5729
352
3745
7816
14113
8757
2559
62693
50905
41540
31338
3374
39677
20331
9402
19456
1340
15184
42967
4790
26879
25816
8154
33675
1132
11703
11791
37159
45738
3569
25703
1655
95
55887
7075
3174
21883
19341
10749
16157
27017
59220
15004
26182
21697
19941
9907
6686
5500
20042
67289
12974
977
20825
13610
2413
12399
149
27934
3934
5896
4284
18548
1823
23071
29727
3539
9996
19254
44111
7508
1558
65
52107
854
9421
9027
27643
19302
31022
9395
9674
18517
50443
20973
43863
21222
6719
14196
1033
126
6402
329
7607
4996
32005
33205
13991
268
19258
608
4581
2362
2070
18772
4638
23585
12693
4476
20463
16465
12052
66117
23328
2046
10679
18942
17727
9808
14691
4129
17713
862
4563
20486
22138
69364
20400
40112
11012
57704
52825
3146
28797
4007
2688
11065
15768
5852
14678
5664
39469
9700
5879
4613
17418
1800
38277
11679
15483
36264
13700
1416
21061
11823
23381
31173
19728
14400
21421
12867
10970
11795
12808
7750
41340
4838
23233
53353
22578
7410
420
21404
6280
34340
14808
5481
1417
39022
19960
39987
19378
7689
23761
68431
10014
1425
41148
73678
25254
40942
3953
4352
32841
18759
10043
33049
4642
5927
21678
20094
22969
15550
878
43573
17998
280
495
5449
8669
9641
4843
24173
35342
7493
8079
461
51618
30463
9446
21559
36142
2911
5537
5533
26587
24212
20018
5020
43642
22523
24120
15679
331
5428
6469
8665
33678
33133
11286
30578
36521
8156
22509
31872
40865
10573
16947
4609
7491
7748
3075
1222
13342
1712
7747
9722
50751
18289
12116
10433
22324
12495
12810
70764
4133
23000
9399
12543
11683
153
33464
16165
8322
14413
29958
6416
5720
9955
199
16791
6542
5001
10754
37193
4176
6302
5248
29195
17445
36810
20152
9679
3077
9365
21493
9050
33129
2250
6213
7965
6000
7918
18523
2071
7253
21794
46729
28666
12997
48707
9878
10977
19639
33380
3329
1630
18044
11930
59009
20785
16622
13330
34483
1180
10328
156
21887
35527
3810
462
30712
6748
12869
9863
7278
13947
31477
13813
9334
43835
2353
8102
11146
22432
14067
792
39331
19038
16774
25522
2329
10287
19388
18440
5312
8998
482
19849
1724
15486
15242
35255
8239
19529
6221
37798
35109
33015
27029
18113
11050
3309
22946
2687
6995
3816
16094
13708
0
6674
5162
21043
1486
15294
1635
3426
28246
42212
1799
48545
2948
22151
14447
17496
5374
2968
73120
875
38159
25606
5869
13161
5096
47765
14635
5564
8019
4488
12427
29639
21426
28792
9022
15746
19021
41979
22265
17038
6898
47457
2313
35588
7332
2428
14976
3678
342
13027
24588
33828
2565
21852
10833
7030
