1122
84331 83819
80209 80094
34317 34098
59973 59920
89440 89347
86765 85839
79092 79011
59107 57816
57696 57579
48677 47970
44651 44027
43869 43568
40623 40330
33869 33138
18056 18013
14344 13833
13279 13071
11484 10472
9633 9507
8664 8662
4588 3986
85346 85186
75831 75825
68019 67901
66324 66090
57220 57189
45569 45497
44740 44696
39032 38973
22353 22344
15598 15466
4349 4249
89340 88822
87447 87217
85799 84914
84834 84668
79849 79476
76420 76345
64170 63004
62771 61905
59378 59309
49281 48976
38318 36296
35981 35806
32064 31968
30193 30107
29935 29589
23860 23410
21319 21092
6223 5693
88024 87881
87374 87284
86594 86584
82922 82851
79989 79925
78726 78615
76607 76546
74808 74727
73707 73501
69673 69548
65971 65960
64442 64333
59643 59623
55590 55560
55275 55109
54936 54818
53784 53737
53685 53466
51247 51157
51014 50954
50319 50305
48350 48225
47902 47778
44925 44826
43289 43062
39357 39253
37040 36970
35622 35528
33300 33205
30499 30339
26350 26316
25122 24964
22433 22383
20698 20571
18601 18573
17987 17932
10031 10029
8175 8100
4135 4002
326 68
80657 80611
65618 65611
32837 32735
25557 25546
24935 24931
88809 87990
83592 82903
82578 82344
82001 81665
80600 80392
79431 79335
78985 78853
75672 75329
73929 72394
69780 68036
66933 66848
65585 64857
61787 61437
56212 54990
52914 52414
51210 50651
45082 44700
41738 41577
41462 41040
32328 32268
29511 28886
28334 28270
24980 23972
23300 23023
18526 18346
17328 14543
6610 6328
1127 360
140 89917
89605 89483
88830 88810
88653 88462
87500 87459
86749 86735
83013 82993
81864 81838
79878 79783
79001 78941
77358 77277
73100 73089
70823 70814
69848 69752
68990 68837
68715 68696
68693 68563
68503 68285
67566 67446
67134 66986
66967 66835
66546 66429
65897 65799
65769 65735
64640 64536
61236 61108
59050 58946
58582 58504
57783 57690
57173 57075
53155 53095
49069 48853
48718 48709
45374 45349
41059 41023
39657 39459
36939 36832
36432 36220
34799 34636
34152 34054
33165 33148
32890 32881
32591 32534
31118 31110
30583 30575
24891 24881
24790 24724
24290 24265
22932 22920
21168 21153
21121 20866
19872 19561
18318 18279
18273 18261
17902 17738
17698 17690
15155 15034
14608 14566
14188 14168
11813 11806
10514 10465
8470 8389
7981 7846
7754 7652
5580 5408
3693 3548
3367 3159
2675 2541
2107 2099
1786 1621
580 552
89700 89503
88415 88348
86903 86866
85205 85122
84444 84400
80680 80661
78748 78730
78225 78191
75295 75231
68781 68777
68480 68431
67991 67942
64389 64377
63334 63312
61461 61408
58215 58174
55336 55311
53601 53592
49622 49614
49298 49293
40734 40648
40013 40001
39509 39476
36865 36852
33091 33070
29619 29618
26565 26520
23945 23922
21685 21606
20801 20797
19263 19221
18585 18565
18110 17999
15403 15235
6833 6819
6096 6083
4631 4580
2223 2198
78712 78518
75198 74844
71858 70885
60200 60010
57473 57198
54880 54842
51559 51266
47414 47180
42071 42063
40085 39456
39063 38596
33114 32338
28239 27770
22435 21375
19755 19469
18933 18925
17464 17440
11826 11658
7989 6992
5351 4913
2163 1259
89760 89699
89046 89027
85712 85624
85393 85354
85120 85036
84907 84899
83744 83544
83462 83434
82784 82709
81741 81644
81526 81167
80900 80829
80371 80109
79723 79664
79513 79427
78935 78857
77076 77062
76504 76491
75647 75218
74595 74382
73992 73972
73795 73785
73320 73129
72114 71915
71533 71496
70769 70696
70447 70342
70189 69988
68550 68536
67291 67261
66378 66374
65191 64949
64936 64863
64711 64673
63403 63363
63128 63127
62439 62282
61394 61250
60710 60683
60239 60198
57952 57852
56040 55758
55326 55282
54162 53876
52956 52909
52667 52523
51786 51709
51700 51667
51665 51653
51408 51298
50754 50703
50664 50660
47671 47243
45161 45151
43050 42947
42822 42806
42579 42552
42389 42302
41595 41535
40854 40751
40297 40292
39148 39130
38877 38518
36560 36463
36096 36090
35931 35647
33658 33611
33532 33514
31932 31926
31598 31591
30943 30753
30646 30619
29805 29756
29432 29402
27909 27869
25690 25671
25474 25470
24617 24466
24255 23700
23126 22954
22338 22267
22233 22052
21571 21556
19494 19317
18702 18627
18451 18399
17645 17559
17438 17400
17110 17074
16241 16091
15246 15242
14885 14785
14274 14254
13962 13844
13575 13451
13311 13060
12850 12788
12218 12181
11966 11960
11729 11683
11046 11019
10916 10801
9873 9778
7807 7763
7259 7206
6669 6615
6361 6341
6175 5946
5941 5893
5814 5639
4987 4896
2030 1872
1492 1406
88302 88293
85534 85499
85101 85081
84126 84123
83553 83520
83395 83373
83335 83303
83193 83079
83024 82931
82920 82900
82160 82127
82120 82110
81772 81740
81121 81104
80062 80000
79579 79572
79189 79165
78995 78993
78862 78861
78729 78640
78590 78585
78152 78140
77616 77614
76748 76731
76278 76259
75965 75918
75577 75512
74901 74898
74340 74308
74054 74040
72906 72879
72416 72309
72184 72181
71904 71792
71513 71392
71158 71099
70711 70707
70439 70415
69763 69664
69521 69496
69439 69427
69044 69023
68262 68249
68119 68109
67471 67404
67300 67276
66419 66388
65669 65626
64254 64084
63972 63960
63902 63779
63480 63462
63400 63350
62316 62127
61641 61613
60289 60280
59863 59826
58632 58523
58519 58517
58334 58332
56694 56678
56654 56645
56463 56422
55775 55754
55626 55612
55197 55189
54709 54702
53310 53285
52918 52916
52699 52694
51545 51501
50534 50369
49936 49923
49856 49813
48452 48385
47488 47474
46436 46409
46386 46295
45899 45890
45603 45600
44463 44453
44374 44359
41888 41823
41811 41752
41389 41310
40816 40799
40635 40573
40572 40538
40443 40423
40344 40252
40146 40130
39046 39045
38533 38527
37164 37033
36598 36505
34730 34725
33490 33429
32329 32323
31857 31796
30746 30741
30629 30508
29351 29289
27645 27634
26134 26128
25501 25488
25348 25320
25100 25015
24987 24981
24856 24805
24478 24470
23013 22972
18642 18588
17711 17652
16767 16724
15665 15606
14798 14773
13141 13077
10294 10251
8704 8685
7534 7454
7379 7339
7183 7175
6912 6872
5891 5728
4483 4454
2695 2682
2148 2101
1350 1347
558 525
27 89998
82966 82935
82452 82391
78316 78303
67482 67476
64511 64479
64151 64090
63331 63326
51655 51637
50528 50497
49659 49640
49070 49033
47051 47038
41836 41830
34365 34362
32455 32454
22667 22665
22593 22585
18171 18155
16838 16828
10615 10560
7779 7761
81547 81352
76160 76122
61299 60810
60807 60601
46966 45981
34983 34331
25571 25402
89415 89275
89018 88937
88738 88662
87832 87760
86918 86784
86702 86699
86637 86626
86518 86336
86313 86301
84721 84634
84402 84348
84063 83949
83510 83468
83360 83325
83119 83020
82551 82481
80779 80713
80527 80438
79922 79902
77266 77250
76827 76702
74920 74832
74038 74029
73065 72855
72789 72695
70666 70568
70325 70306
69469 69389
69381 69193
68155 68045
67414 67395
65681 65671
64793 64791
63919 63647
63269 63144
60916 60798
59454 59328
59177 59099
58856 58628
58470 58057
57665 57611
57299 57287
56897 56801
56788 56668
55625 55623
55448 55371
54780 54672
54644 54573
54565 54550
52487 52142
52096 52001
51552 51419
49805 49656
49209 49092
48562 48368
48194 47929
45311 45171
45035 45026
43797 43764
43610 43442
42283 41925
41922 41909
40633 40331
40240 40132
39252 39248
39128 39067
38205 38055
35478 35217
34878 34850
33894 33864
33399 33328
32657 32641
32385 32384
31852 31670
31663 31601
30023 29964
29952 29808
29063 28978
28907 28766
28697 28603
27538 27392
27242 27173
26199 25931
24718 24640
22768 22733
21818 21653
21370 21316
20259 20187
18787 18752
18077 18074
18035 18022
17256 17244
16072 15974
15316 15290
15237 15206
13706 13673
12630 12548
12460 12376
11911 11898
11466 11260
10396 10342
9287 8843
8282 8212
6811 6746
6563 6422
5858 5844
4762 4679
4475 4459
3128 3069
1609 1591
1378 1330
1165 942
89096 89089
88986 88920
88705 88619
88576 88522
88347 88311
87715 87657
87608 87598
86638 86588
86575 86517
86505 86461
86111 86092
86036 85970
85807 85802
85765 85715
85498 85453
85001 84900
84831 84828
84117 84102
84032 84007
83875 83838
82195 82175
81870 81842
81087 81051
80296 80277
80217 80215
79456 79455
79337 79328
79074 79059
78975 78914
78858 78852
78450 78416
78362 78358
78285 78283
78031 78025
77166 77007
76951 76774
76577 76461
76106 76073
75097 75069
75061 75021
75014 74977
74251 74238
74156 74132
74126 74068
73709 73695
73677 73665
73516 73443
73368 73343
73215 73206
72996 72985
72827 72808
72799 72794
72737 72729
71763 71740
70176 70175
70170 70115
70055 69993
67103 67045
66883 66879
66850 66734
66256 66234
66217 66214
65365 65361
64995 64943
64564 64557
64503 64467
63943 63921
63683 63636
63633 63612
63591 63547
63190 63102
63025 63018
62613 62585
62378 62318
61568 61530
60516 60498
59678 59653
59380 59235
58687 58679
58170 58113
58084 58060
58053 57900
57784 57776
57763 57747
57649 57493
57408 57407
57246 57023
56362 56357
55933 55855
55695 55650
55563 55477
55473 55447
55378 55357
54476 54433
54429 54386
54381 54347
53789 53749
53080 53060
52996 52961
52902 52898
52437 52410
52329 52311
52283 52222
52169 52136
52071 52061
52032 52013
52010 51990
51958 51900
51677 51635
51142 51133
50593 50569
49271 49176
48945 48934
48917 48871
47923 47898
47574 47519
46235 46163
43638 43624
43347 43315
43211 43191
42346 42331
42326 42285
41750 41731
41532 41404
41271 41266
40969 40926
40913 40879
40841 40827
40788 40783
40769 40752
39620 39511
38610 38573
36844 36791
36247 36186
35928 35778
35674 35632
35063 35057
35056 34962
34569 34557
34209 34159
34096 34091
33763 33714
32589 32514
31914 31892
31390 31386
30854 30779
30692 30658
30299 30267
30156 30077
29428 29397
29236 29118
29031 29029
28552 28491
28045 27992
27832 27815
27715 27704
27218 27190
27126 27098
27072 27055
26682 26675
26124 26067
25192 25133
24141 24101
23391 23338
22575 22559
22545 22397
22127 22116
22045 22037
22012 21916
21890 21723
21273 21245
20692 20609
20256 20240
20188 20148
20117 20111
19697 19647
19581 19491
19376 19331
18828 18816
18496 18481
18319 18205
17733 17725
17632 17601
17427 17369
17158 17149
16936 16869
16529 16510
16139 16053
15219 15144
14912 14899
14839 14823
14002 13956
13898 13873
13343 13319
13266 13243
12562 12530
12415 12306
11939 11900
11869 11853
11412 11327
11205 11188
10987 10958
10894 10885
10843 10839
10460 10454
10179 10158
10139 10126
9924 9886
9797 9690
9637 9577
9310 9297
9229 9226
8823 8791
7665 7648
6296 6277
5691 5690
5294 5290
5138 5073
4835 4788
4774 4698
4388 4373
4284 4283
4274 4213
3884 3871
3824 3804
3628 3595
3419 3370
2854 2810
2663 2661
2058 2012
1966 1783
1599 1584
935 846
730 718
713 664
89583 89549
86508 86494
86401 86390
84543 84479
84190 84171
83927 83915
81589 81554
81474 81415
80924 80923
80298 80251
78034 78028
77024 76987
76938 76932
75599 75528
75314 75261
75029 75026
74161 74153
73923 73897
73105 73101
71432 71382
70610 70560
69132 69125
68027 68000
67859 67854
67342 67267
67203 67198
66847 66827
66314 66310
66156 66144
65674 65649
65031 65030
61105 61085
60351 60328
58973 58838
58299 58282
57863 57862
57674 57662
55991 55974
53624 53617
51250 51237
50679 50629
50043 50035
48880 48868
48722 48707
48169 48097
47798 47793
45215 45193
44301 44274
44164 44142
43718 43699
43507 43441
42108 42105
40560 40541
38955 38946
38399 38385
36151 36133
35062 35021
34279 34275
33198 33193
32203 32194
30200 30191
28578 28557
27697 27690
26106 26072
25467 25465
24701 24684
22111 22104
21943 21905
21734 21727
21279 21255
20962 20960
19803 19801
16649 16632
16560 16533
15779 15769
14354 14312
13778 13726
12999 12981
11771 11757
10022 10020
9230 9180
9055 8903
7977 7972
7580 7577
7006 6998
6885 6877
6319 6294
4550 4527
4021 4018
3277 3236
1832 1793
1652 1641
1278 1258
259 241
43343 42174
31827 30335
10112 9754
89896 89796
89149 89058
87634 87585
86237 86058
85808 85788
85740 85719
84970 84955
84858 84857
83536 83518
83190 83130
82415 82108
80426 80409
79768 79739
78289 78067
77193 77173
76132 76019
73917 73862
73845 73809
73438 73391
71880 71714
71692 71651
71489 71474
71388 71378
71375 71204
67735 67622
65468 65445
64477 64459
61804 61794
60631 60265
56522 56519
56202 56087
52814 52802
52748 52711
51933 51874
51620 51608
50950 50833
50592 50360
49827 49809
44674 44604
44314 44284
43736 43649
42736 42715
42295 42284
41392 41340
39877 39827
38365 38319
37846 37607
37263 37136
34611 34492
32878 32816
32159 32157
30051 30037
29701 29583
29395 29370
29078 29071
27694 27673
25645 25553
25548 25533
23597 23574
23425 23351
22011 21879
21424 21406
20838 20756
19272 19054
17047 17000
16398 16281
14358 14283
13426 13392
13016 12923
10656 10642
10199 10144
9777 9694
9531 9436
8626 8599
7191 7134
6686 6671
3505 3437
3425 3394
3045 2884
2392 2268
920 638
89238 89139
88244 88210
88186 88179
87940 87885
87583 87547
87203 87177
87030 86923
86815 86805
86367 86241
85960 85957
85709 85619
85565 85564
84797 84772
84726 84698
84359 84311
84280 84174
83293 83290
82400 82359
82279 82262
82173 82164
82082 82061
81663 81660
81575 81567
81532 81357
80919 80872
80840 80794
80610 80534
80467 80437
80434 80423
80378 80355
80184 80154
79323 79277
79270 79238
79152 79100
78610 78597
78495 78467
77953 77939
77843 77832
77528 77487
76232 76186
76183 76150
75650 75580
75410 75346
75228 75178
74463 74457
74199 74182
73866 73804
73633 73605
72861 72853
72654 72652
72584 72583
72568 72514
72082 72021
71359 71257
70878 70871
70785 70766
69384 69377
68850 68796
67746 67686
67683 67658
67638 67532
67253 67149
66697 66695
66679 66675
66300 66261
66119 66106
66028 65984
64922 64883
64681 64653
64623 64607
64595 64591
64304 64263
63491 63489
