3617
47992 47983
45226 45213
50785 50779
68609 68608
73696 73691
68932 68920
70923 70910
17602 17543
73474 73408
78079 78078
14 11
1092 1085
1633 1626
1120 1100
1372 1338
1607 1597
2259 2218
1812 1797
3144 3138
3295 3275
3579 3565
3414 3404
3631 3622
4526 4523
4865 4851
4489 4428
4944 4936
5307 5302
5222 5203
6424 6378
6651 6638
6733 6721
7728 7714
9098 9067
8685 8639
9245 9241
9317 9314
9890 9865
9994 9971
9674 9650
10216 10189
10782 10747
11158 11128
11498 11495
11312 11266
11553 11542
12407 12400
13044 13030
13394 13368
14025 14024
13736 13710
14247 14227
14760 14755
15612 15604
16052 16034
15305 15298
16104 16090
16188 16155
16327 16325
17910 17907
17825 17805
19132 19129
19264 19243
19815 19806
20186 20158
20360 20357
20644 20587
20751 20746
20707 20703
21718 21665
21508 21452
22660 22654
22746 22734
23109 23105
23051 23044
22792 22781
23949 23918
23891 23883
25615 25556
25960 25915
26046 26035
25745 25741
26103 26074
26535 26532
28199 28198
27915 27862
28194 28162
28332 28318
28471 28413
28840 28808
28933 28929
29143 29133
29833 29829
29342 29335
30231 30221
32478 32444
32858 32852
32949 32923
33284 33279
33620 33616
33687 33666
34134 34085
33664 33621
34554 34551
34676 34662
35696 35689
35727 35721
36197 36166
36572 36561
36640 36634
37558 37513
37152 37138
37748 37739
37754 37751
38238 38216
38919 38908
40088 40078
40235 40227
40834 40812
40468 40467
40551 40541
40562 40557
40965 40934
41050 41045
41616 41587
41948 41941
42488 42475
41989 41987
42530 42501
43462 43461
43115 43077
43388 43377
43536 43520
45384 45349
46885 46880
46161 46157
47019 47010
47441 47423
49594 49531
49991 49951
50554 50552
50642 50637
51302 51298
52090 52086
52100 52099
53273 53272
54820 54775
54407 54382
55494 55490
55802 55799
57182 57180
57063 57041
56988 56962
57587 57549
58389 58377
58606 58601
59347 59344
59390 59378
59450 59417
59868 59850
59490 59480
59624 59584
60666 60665
60913 60843
61122 61098
61607 61598
61663 61610
62130 62108
62234 62228
62399 62393
62367 62362
63386 63365
63653 63611
64974 64956
64931 64923
64917 64891
66381 66362
66907 66894
67164 67139
67695 67644
67865 67834
67758 67736
67442 67406
67827 67816
68122 68119
68914 68911
70710 70658
70434 70421
70536 70499
71189 71184
71118 71114
71866 71865
71964 71948
71980 71978
71945 71942
72387 72376
72633 72630
73249 73230
74451 74442
73536 73512
73606 73595
74003 73998
74923 74921
75699 75691
76377 76367
75962 75954
76425 76421
76447 76429
76458 76456
77542 77478
77683 77642
77318 77298
77762 77731
78438 78434
78065 77992
78272 78221
78972 78956
79456 79448
79220 79214
79754 79748
79525 79519
279 221
547 537
4409 4404
7580 7554
7829 7787
7330 7324
11316 11256
14128 14100
15847 15836
14419 14414
15319 15317
17301 17293
17766 17750
17880 17875
19050 19020
17936 17885
20004 19994
19917 19900
20948 20932
23390 23376
23990 23982
30030 30006
24044 24001
25112 25095
28201 28124
28226 28219
31921 31892
31622 31611
32282 32276
30705 30700
32644 32636
32330 32295
33696 33689
32373 32332
32903 32898
33639 33623
34730 34690
36904 36803
37317 37242
38287 38259
39561 39493
38451 38430
38887 38884
39219 39211
40101 40098
40946 40907
40194 40152
41665 41655
42310 42305
41858 41840
42875 42863
43736 43734
44401 44391
44894 44862
44665 44661
46251 46224
47722 47708
46558 46477
45408 45380
48569 48539
48911 48908
51247 51243
54137 54076
54069 54009
54380 54365
55421 55402
55179 55165
55927 55925
58509 58433
61973 61966
63198 63179
67394 67333
67445 67418
68026 67992
68330 68270
67512 67458
67598 67595
68187 68176
69923 69919
76361 76327
74507 74500
75083 74981
76220 76212
36172 36117
30404 30119
44439 44405
42249 42209
32299 32280
45245 45237
49747 49740
48675 48620
73175 72999
1028 1023
2280 2267
2516 2508
3756 3695
4961 4952
5290 5283
4996 4980
5851 5849
7108 7104
7153 7129
6980 6965
8545 8532
8116 8115
7456 7372
8919 8906
8636 8635
10555 10535
9308 9306
10690 10594
10739 10738
12142 12120
15203 15171
15739 15718
15924 15880
16390 16361
16319 16317
16826 16818
18361 18317
19157 19150
19607 19604
19740 19733
20851 20820
21600 21529
22171 22151
22400 22396
23695 23694
24251 24250
24424 24420
25235 25224
26919 26918
27815 27804
27615 27611
29529 29521
29714 29711
29626 29621
30459 30430
30531 30525
31134 31129
31162 31161
31192 31188
32425 32410
32960 32957
35061 35036
35570 35545
36797 36794
36963 36920
37042 37011
37175 37171
37217 37203
37719 37717
37726 37725
38058 38041
39453 39430
39911 39898
40450 40412
41266 41244
43391 43389
43733 43667
44023 44002
44441 44423
44623 44597
45948 45938
45580 45572
46255 46223
46402 46379
47593 47583
47633 47610
48033 47977
48172 48160
48142 48141
49391 49388
54138 54112
53473 53459
54218 54203
55913 55903
55428 55419
55481 55478
56174 56171
56397 56392
56470 56448
56386 56369
57205 57202
57456 57450
57640 57635
57674 57664
57749 57745
58356 58339
58364 58363
58961 58951
59131 59116
59328 59323
61038 61026
61453 61439
61792 61787
61824 61812
63181 63168
64127 64076
64453 64446
65917 65855
65758 65733
66643 66573
67018 67016
68054 68048
69086 69040
69469 69425
68853 68835
69638 69611
70863 70822
70242 70203
72686 72660
72935 72924
72944 72941
73770 73718
75413 75409
76514 76501
76574 76567
77894 77889
78731 78717
78691 78614
79597 79595
79880 79834
2 79985
586 568
397 303
1221 1207
1498 1448
1805 1794
2074 2067
2295 2207
2333 2318
1757 1732
2584 2429
3424 3374
3737 3678
4434 4412
5170 5168
5500 5458
5345 5341
6576 6525
6089 6067
7742 7693
8082 8079
9211 9188
9925 9907
11882 11843
12402 12376
14982 14979
16139 16130
16408 16376
17806 17804
19307 19258
19417 19411
19326 19319
19606 19596
19958 19955
21956 21946
23271 23210
24543 24532
24368 24357
25182 25170
25734 25717
26002 25985
26410 26343
26903 26898
27109 27084
27237 27236
27227 27218
27408 27368
27716 27701
28092 28088
28977 28904
29376 29355
29384 29379
29572 29563
29840 29819
30417 30413
30498 30466
31780 31768
33618 33578
31832 31822
34290 34280
34912 34909
35064 35059
35158 35157
35958 35948
37409 37362
36949 36947
36495 36472
36646 36643
37618 37609
37654 37632
38586 38568
39019 38927
40530 40481
42069 42053
43259 43240
43168 43126
43868 43851
43399 43386
44235 44227
44287 44271
43434 43426
43897 43896
43756 43743
44479 44473
44965 44928
44998 44990
45727 45697
47458 47416
48752 48730
48953 48938
49773 49771
49486 49471
50074 50068
51265 51254
51304 51274
50773 50762
51881 51878
52688 52687
52856 52802
52744 52695
53268 53262
53763 53719
53288 53281
54284 54251
56615 56604
56764 56723
57010 56998
57057 57037
56997 56963
57300 57274
58821 58755
59260 59192
58855 58852
59350 59339
59970 59865
60216 60201
60289 60274
60502 60481
60586 60575
61915 61914
62435 62415
62793 62759
65530 65516
66658 66625
67638 67605
67892 67875
68550 68525
69093 69045
69791 69761
69884 69817
70537 70505
70599 70585
73174 73173
73032 73027
74092 74067
73733 73726
74105 74103
75137 75128
74499 74456
75200 75195
75478 75428
76043 76014
76112 76103
77234 77185
78110 78091
78317 78315
79293 79291
78866 78812
38 79950
79643 79609
3543 3540
10156 10068
13244 13077
19905 19829
26741 26736
32355 32354
46977 46962
52791 52692
59565 59550
72514 72506
78567 78521
78186 78114
1623 1618
1361 1317
1787 1771
2823 2818
3465 3457
5629 5610
5644 5637
5698 5660
5768 5750
6344 6332
6476 6475
6756 6710
6836 6796
6944 6887
7133 7131
7126 7079
7308 7294
7476 7447
7781 7780
8213 8197
8541 8505
8799 8752
9324 9261
9380 9379
9596 9582
9514 9467
9570 9554
10710 10702
11485 11419
12338 12309
13043 13026
12887 12824
14081 14072
14509 14495
15918 15871
14849 14834
16305 16301
15966 15939
16824 16820
17072 17022
17788 17768
18320 18292
18275 18233
18386 18363
19123 19119
19165 19153
19582 19541
20665 20658
21091 21071
21006 20971
21874 21847
21216 21186
21275 21270
21585 21574
21523 21511
22949 22844
22761 22713
23730 23704
24577 24570
25089 25045
25297 25294
25336 25321
25403 25383
25578 25571
26945 26922
27079 27073
30428 30425
30958 30938
31731 31698
32052 32028
31455 31372
32555 32455
31506 31460
32769 32727
32717 32651
34022 34000
35285 35281
35259 35257
35412 35409
36021 35999
36723 36722
37059 37055
38629 38609
39281 39250
39098 39060
39312 39311
40136 40122
39629 39573
40236 40215
40669 40657
41039 41002
42418 42416
42363 42326
42753 42747
43104 43089
44084 44004
43483 43457
43677 43654
44210 44206
44729 44708
44755 44743
45048 44999
45095 45093
46312 46279
46566 46564
46618 46610
47826 47818
48068 48020
48322 48254
48906 48814
49167 49164
50002 49966
50491 50478
51066 51021
52089 52065
53818 53783
53876 53870
53996 53945
55134 55130
54780 54756
55643 55599
56089 56068
56271 56176
57259 57199
57665 57627
57464 57430
57961 57958
58173 58160
58101 58092
58657 58643
58862 58859
59073 59016
59792 59790
59826 59807
60019 59992
60052 60042
60570 60560
60319 60305
62080 62036
62624 62614
62723 62710
62986 62984
63446 63376
63737 63733
64117 64033
66190 66087
67008 66960
67039 67020
68075 68074
68209 68195
68468 68434
70579 70546
70683 70667
71774 71756
71691 71681
72121 72044
72271 72237
72321 72319
72469 72437
72832 72828
73431 73417
73577 73571
74523 74511
74174 74160
74809 74806
75168 75154
74856 74824
75878 75860
75956 75914
76001 75969
76292 76283
77088 77058
77145 77143
77833 77821
77876 77848
78088 78076
78776 78721
79707 79691
1737 1678
9618 9592
7741 7720
14927 14893
15032 14977
15491 15448
18179 18117
17861 17732
19693 19546
21417 21332
22673 22502
26261 26203
29046 28947
29910 29900
29939 29929
32051 32010
33334 33194
36105 35983
35481 35443
32334 32331
38791 38730
40711 40683
41839 41836
41996 41973
42390 42373
46244 46127
44399 44360
46401 46330
45844 45750
46703 46673
50291 50239
51192 51164
60925 60900
62104 62101
65815 65689
65546 65531
67033 67004
69622 69598
72220 72209
74203 74169
76700 76647
78796 78791
79292 79286
1125 1115
1191 1169
1264 1222
2912 2866
3025 3017
3517 3514
5278 5276
4925 4882
5573 5565
10387 10378
8710 8582
13520 13503
15868 15849
16963 16920
17430 17383
17743 17676
18036 18029
18823 18820
20630 20616
21175 21173
23637 23631
24261 24242
23846 23845
25680 25671
26056 26053
26558 26517
27808 27801
29801 29798
30188 30181
30210 30203
32570 32561
33951 33917
34211 34208
34251 34247
37236 37207
37333 37332
37495 37469
38153 38107
39786 39765
40279 40250
41496 41469
41586 41583
41508 41505
45092 45065
45581 45531
46324 46322
47162 47154
46939 46925
47483 47470
48135 48119
47673 47656
48473 48470
50167 50148
52241 52220
54224 54211
55397 55392
55562 55513
57428 57423
58598 58559
59703 59696
61331 61319
61637 61628
63743 63739
62092 62086
64261 64219
63225 63209
64885 64702
66929 66926
67731 67726
68067 68052
68156 68151
68806 68768
69896 69894
71265 71232
71810 71800
73053 73046
72784 72774
73273 73248
73403 73385
73979 73946
74352 74335
74405 74363
74036 74024
74946 74942
75827 75821
75817 75813
78905 78872
79080 79058
6099 6083
4268 4235
5749 5702
5950 5886
7278 7185
8033 8010
7419 7408
8363 8304
9576 9550
12385 12382
12228 12143
13773 13724
14661 14604
14764 14741
17275 17246
16113 16094
19213 19210
24614 24587
24874 24858
25249 25221
25675 25633
27264 27261
27278 27272
28231 28153
29607 29527
29791 29775
32420 32400
32853 32847
35518 35513
36528 36443
37502 37456
41749 41515
44300 44217
47197 47188
47264 47209
49609 49600
51431 51398
51659 51550
51740 51690
52836 52794
53434 53390
60705 60613
61170 61041
64773 64745
67980 67937
68129 68118
68803 68680
69352 69318
71484 71446
72126 72120
72322 72299
77366 77268
78667 78621
79168 79166
79337 79318
4477 4455
4554 4521
5265 5253
7182 7059
11175 11069
10017 10012
15888 15803
18809 18767
19080 19041
21916 21831
22722 22688
23389 23382
25993 25977
26080 26020
25779 25724
26390 26278
27283 27282
28585 28519
29896 29812
29743 29638
30842 30820
31512 31509
33058 33047
34322 34292
34470 34461
34927 34916
35575 35552
36251 36224
38517 38486
39587 39560
42786 42697
42931 42844
43020 43016
44526 44505
45279 45273
46541 46522
52533 52511
54785 54765
56640 56381
57248 57226
57334 57282
57781 57714
58169 58144
58238 58237
59499 59426
61359 61326
61541 61524
63750 63718
64942 64826
65363 65342
66331 66287
66963 66877
69185 69121
70476 70413
71062 70992
71909 71788
75424 75390
75619 75607
76102 75881
76223 76177
76928 76846
79221 79193
189 167
523 460
5100 5052
5241 5226
5797 5766
6464 6436
8784 8723
9984 9956
11322 11259
10820 10816
11501 11497
19977 19908
19800 19729
29079 29049
31377 31359
33957 33921
34585 34548
50081 49989
52263 52251
64288 64144
67617 67538
67110 67052
67196 67144
67683 67654
71131 71072
73686 73638
73217 73190
74897 74781
73599 73591
77199 77159
78968 78935
79930 79844
79421 79385
79575 79495
79628 79612
77604 77509
76590 76584
76260 76237
75275 75180
74515 74501
74137 74114
72190 72154
71381 71274
71214 71186
70767 70764
70717 70630
70270 70249
70240 70183
70084 70017
69898 69873
69821 69803
69110 69081
69317 69246
68973 68972
68480 68436
66157 66093
66429 66363
65882 65839
62352 62163
62965 62940
62096 62066
61623 61559
60983 60969
60887 60806
58534 58479
58231 58177
57484 57465
55798 55756
54836 54809
54409 54332
53311 53307
53251 53234
53197 53196
52881 52874
52087 52082
51784 51770
51442 51438
51359 51340
51305 51293
51127 51072
50221 50136
49975 49796
49468 49225
48778 48735
48527 48511
47687 47680
47465 47460
47394 47388
47128 46995
45901 45853
43157 43142
41877 41866
42121 42019
40621 40535
40303 40277
39895 39846
38557 38533
39097 39034
37826 37812
37269 37252
35427 35420
34150 34119
33915 33859
33183 33108
33481 33475
31891 31866
30989 30952
30588 30480
28112 27977
27380 27338
28891 28803
27149 27137
26448 26402
25161 25124
24951 24883
23831 23696
20059 20010
22856 22814
22918 22914
20684 20598
19384 19369
18911 18910
18576 18475
13318 13314
11982 11903
9476 9455
8711 8708
8583 8556
8515 8416
6579 6564
6034 6026
5882 5857
5122 5115
4328 4315
4069 4050
3452 3435
3312 3280
3001 2991
2955 2946
2366 2348
2869 2775
79775 79769
79161 79153
1526 1472
78868 78842
78476 78307
78063 78044
77092 77076
75489 75447
74991 74938
74750 74673
74444 74423
74536 74516
74402 74355
74028 74002
73791 73714
73529 73527
73496 73479
73400 73333
72292 72240
72891 72772
71169 71145
70390 70341
70604 70588
70163 70143
69972 69946
69560 69523
69475 69464
68611 68557
68168 68142
68008 67988
67802 67791
66659 66576
66565 66538
65581 65559
65524 65486
65467 65431
65271 65253
65026 64977
65229 65144
64656 64630
64595 64576
64321 64298
64728 64707
63837 63776
63201 63167
62502 62489
62896 62866
62120 62112
61979 61856
61841 61770
60779 60756
60530 60449
60043 60031
59896 59840
59306 59293
59242 59240
59783 59772
59027 58741
58723 58714
58080 58057
57932 57914
57885 57882
57704 57688
57276 57270
57098 57024
56927 56866
55754 55737
55356 55317
54900 54859
54764 54673
54258 54208
53589 53522
54443 54415
53193 53163
52567 52550
52077 52068
51951 51945
50361 50322
51853 51802
51288 51212
49138 49116
48888 48815
48402 48371
48129 48107
47719 47700
47672 47614
47991 47951
47425 47410
46993 46992
46656 46628
46616 46568
46504 46486
46410 46405
45102 45023
44835 44650
45000 44993
44988 44969
43522 43472
44064 43923
43412 43378
43264 43200
42273 42271
41968 41889
41164 41147
41484 41472
41110 40944
40644 40633
39945 39933
39636 39616
39795 39759
39011 38962
38662 38579
38576 38562
38289 38264
38263 38181
38013 37992
38069 38047
37213 36953
36887 36616
37436 37410
35976 35930
35880 35866
35511 35494
35371 35340
34764 34593
34431 34352
34232 34217
32145 32130
32759 32660
31920 31915
31827 31804
31667 31624
31448 31395
27899 27859
27788 27771
27691 27668
27540 27465
27204 27157
27021 27015
26913 26871
26863 26746
26727 26695
26649 26586
24766 24743
24735 24622
24990 24973
24512 24450
24364 24362
24301 24294
24234 24180
24149 24119
24097 24086
23963 23871
23520 23425
23310 23243
23232 23153
23137 23060
22859 22857
21752 21640
21432 21418
21150 21093
20954 20924
20757 20721
20363 20206
19360 19350
18663 18651
18457 18442
18441 18398
17409 17393
18345 18218
16943 16901
16832 16807
16795 16697
16521 16497
16403 16379
15438 15390
14460 14430
14029 14007
13959 13945
12957 12873
12687 12569
12300 12292
11613 11522
11482 11480
11399 11362
10456 10428
10324 10292
9892 9861
9836 9834
9942 9930
9679 9649
9320 9303
9293 9235
9197 9184
9079 8934
8895 8789
7953 7942
7891 7862
7760 7748
7642 7615
7690 7674
7389 7327
6835 6798
6786 6761
6253 6249
4967 4921
4855 4831
4041 4029
3722 3647
2689 2670
2657 2631
2423 2406
2046 1832
831 787
758 739
427 416
295 220
79993 79956
79822 79796
79032 78984
78602 78571
78502 78493
77869 77838
77787 77677
76773 76703
77149 77099
76461 76399
75586 75543
75380 75379
74264 74260
74080 74068
73302 73296
73855 73839
72430 72401
72099 72097
70135 70114
69872 69864
69678 69653
69424 69355
69225 69191
68542 68485
68107 68093
67345 67336
67298 67230
66821 66694
66528 66436
66340 66339
66241 66163
65887 65886
64540 64526
64502 64366
63122 63117
61438 61398
64143 64102
61300 61182
60428 60180
59914 59897
59690 59646
58604 58547
58471 58415
57870 57785
56948 56946
57567 57529
56347 56306
56157 56067
56017 55990
55901 55807
55271 55207
54299 54264
55176 55151
54506 54463
54007 53865
53861 53825
53517 53442
53650 53592
53162 53157
52634 52615
52172 52107
52374 52286
51941 51867
51068 51017
50995 50944
50940 50870
50687 50671
49076 49023
48588 48551
48359 48342
48487 48485
48336 48257
48054 48031
47300 47274
47833 47754
46514 46510
45672 45600
45731 45708
45469 45460
45187 45105
45593 45585
44608 44571
44863 44851
45440 45348
44158 44145
43704 43675
43770 43724
43666 43630
43001 42993
44138 44085
42482 42462
40911 40823
40264 40259
40514 40454
40240 40189
40045 40025
39599 39591
40436 40409
39262 39258
39251 39231
38453 38446
37708 37562
38436 38418
35849 35704
35683 35646
35200 35199
35136 35052
34866 34862
34839 34831
33806 33486
33458 33339
32639 32591
34539 34479
32202 32166
32105 32073
31985 31964
31507 31484
31111 31062
31350 31226
30787 30778
30107 30083
29365 29270
28728 28656
27637 27613
27428 27411
26514 26472
25941 25885
25569 25568
24444 24442
24573 24558
24852 24778
22870 22867
23617 23554
22408 22316
22480 22473
21828 21822
21638 21617
21084 21019
20850 20808
20571 20473
20115 20102
19245 19240
19414 19397
15584 15507
17203 17115
15382 15340
15337 15289
14871 14856
14848 14829
14726 14702
14352 14259
13851 13789
13714 13690
13483 13465
12857 12813
10745 10744
10405 10331
10715 10675
10279 10172
8670 8614
7972 7959
6351 6319
7024 6923
5597 5438
5324 5292
4155 4147
3866 3843
3533 3516
2903 2886
2630 2618
2590 2586
2266 2175
2174 2108
1452 1417
1796 1778
1641 1634
1342 1170
1141 1128
949 891
320 306
150 149
97 74
79369 79297
78795 78789
78788 78786
76162 76124
78610 78541
75309 75284
74655 74626
73581 73579
72644 72528
72036 72033
71437 71374
71934 71910
71305 71273
72016 72003
70474 70472
70943 70939
70464 70458
70451 70337
70267 70265
69905 69902
69681 69581
69334 69296
68993 68985
69263 69203
68420 68349
68103 68086
67689 67685
66597 66594
66578 66569
66553 66536
66399 66276
66253 66244
65978 65928
65890 65873
65766 65755
65153 65129
65045 64928
64649 64631
64528 64512
63798 63780
62603 62600
62034 62028
61874 61849
61793 61788
61739 61673
62534 62514
61370 61353
61079 61070
60770 60768
60660 60641
60437 60427
59773 59727
59623 59561
59492 59475
58676 58665
58825 58824
58366 58348
58319 58318
58156 58119
57700 57681
57095 57076
56695 56693
56548 56509
56445 56363
55902 55859
55789 55724
55668 55660
55838 55817
54959 54882
55498 55439
54717 54689
54418 54392
53673 53644
52995 52971
52800 52780
52416 52367
51368 51316
51527 51520
50728 50708
50668 50650
51741 51739
50624 50622
50121 50105
49339 49323
49203 49201
49639 49636
49148 49147
49056 49040
48995 48987
49024 49003
48498 48484
47894 47879
47686 47676
47145 47066
46634 46627
46212 46183
45940 45939
45519 45502
45211 45167
44435 44427
44333 44323
44631 44598
43233 43230
43076 43042
42733 42727
42296 42286
41972 41970
41969 41965
41960 41940
41831 41825
41777 41747
41599 41597
41556 41551
41361 41330
41221 41187
39299 39282
40150 40144
39732 39703
39188 39185
39179 39173
39166 39165
38740 38733
38538 38510
38426 38421
37791 37783
37665 37660
37239 37237
35574 35546
35483 35468
35135 35078
34851 34804
34587 34511
34425 34415
34273 34262
34241 34234
34054 34047
33779 33777
33768 33766
33571 33560
33414 33313
32432 32419
32258 32254
31961 31950
31683 31647
31557 31526
31365 31355
31047 31018
30783 30781
30397 30391
30757 30732
31275 31264
29345 29326
29324 29312
29750 29717
29158 29148
29042 29035
28847 28775
28078 28044
28674 28576
26986 26979
26726 26691
27365 27356
26690 26687
26468 26462
26246 26204
25290 25187
24949 24943
24422 24411
24902 24805
24317 24287
23755 23748
23622 23573
23486 23478
22639 22554
22261 22253
22142 22132
22100 22046
22004 21990
21843 21821
21784 21703
21459 21420
21251 21238
21100 21094
20472 20423
19520 19474
19226 19170
17953 17948
16909 16885
16794 16761
16296 16267
15813 15807
15791 15775
15665 15660
14807 14805
14284 14271
13784 13757
13535 13526
12935 12915
11697 11695
11642 11641
11571 11554
10485 10471
11541 11504
9355 9342
8057 8015
8388 8373
7948 7938
7531 7523
6794 6783
7398 7396
5817 5773
4472 4463
3882 3863
3849 3836
4135 4132
3456 3451
3182 3071
2928 2917
2747 2743
2714 2709
2696 2639
2427 2424
1765 1758
685 681
78018 77941
75060 75011
76508 76463
72956 72915
75830 75724
72568 72535
72714 72684
70928 70915
70904 70896
70627 70606
69775 69698
69798 69782
66843 66831
63976 63940
63897 63893
63591 63480
62865 62826
62683 62681
62463 62377
60168 60156
58659 58640
59625 59585
56844 56757
55619 55448
55017 54954
54910 54904
54046 54039
55203 55201
52671 52661
50801 50714
52450 52412
49718 49714
47942 47864
46447 46438
46041 45929
43894 43843
41449 41372
41268 41251
39994 39958
38913 38825
37809 37799
36409 36379
37344 37303
34069 34035
30058 29967
28404 28339
27558 27552
27445 27441
27335 27316
27115 27094
25315 25288
22444 22417
20166 20139
22291 21962
20443 20431
20420 20414
18966 18946
17354 17328
16632 16625
16543 16542
16215 16212
15076 15048
14574 14563
12128 12064
12492 12421
13630 13628
14206 14033
11789 11739
11692 11647
10867 10857
10608 10607
9924 9905
9829 9780
8128 8064
7505 7426
6548 6521
6900 6863
5407 5353
5280 5269
4638 4613
3943 3907
3755 3748
1104 1052
79850 79845
79513 79464
79573 79572
79454 79429
79051 79000
78500 78489
78439 78399
78328 78319
78174 78171
77663 77590
77169 77147
77759 77720
77295 77265
77314 77306
77114 77091
76952 76900
76809 76807
76750 76731
76203 76165
75593 75588
75534 75502
75412 75352
75348 75346
75182 75172
74928 74925
74812 74810
74725 74690
74598 74593
74156 74143
74023 74018
73925 73908
73884 73860
73820 73802
73784 73771
73639 73619
73565 73564
73103 73074
73036 73035
72812 72798
72729 72685
72980 72974
72520 72475
72422 72389
72332 72323
72173 72163
72149 72134
71993 71991
71908 71887
71834 71827
71541 71535
71474 71462
71532 71498
71359 71330
71187 71177
70893 70878
70666 70638
70798 70745
70629 70617
70331 70295
70243 70191
70067 70032
69945 69936
69535 69488
69354 69351
69430 69376
69348 69335
69180 69174
69152 69140
69130 69101
68826 68818
68584 68574
68553 68552
68169 68162
67943 67929
68072 68071
67752 67739
67180 67165
67114 67094
66958 66942
66925 66852
66712 66691
66796 66793
65720 65696
65632 65624
65179 65173
64693 64672
64591 64530
64205 64198
64158 64145
63978 63941
63669 63644
63603 63601
63730 63704
63107 63076
62931 62897
62864 62846
62707 62677
62950 62939
62585 62575
62495 62479
62350 62341
62404 62401
62337 62325
62199 62193
62226 62215
62182 62173
61944 61919
61616 61589
61653 61640
61557 61555
61264 61117
61046 61037
60551 60516
60982 60973
60064 60061
59861 59856
59802 59801
59678 59668
59171 59162
59310 59268
59161 59143
58991 58990
58892 58883
58546 58530
58194 58192
58088 58074
58038 58005
57856 57789
57899 57892
57560 57541
57775 57737
57786 57776
57121 57120
56856 56833
56792 56773
56565 56549
56360 56349
56346 56299
55983 55964
56051 56005
55238 55206
55309 55307
54472 54469
54598 54478
54674 54661
54466 54446
54325 54290
54354 54346
53629 53622
53532 53501
53451 53449
53240 53232
53208 53194
53164 53126
53119 53093
53435 53396
52480 52456
52212 52197
52768 52759
52104 52092
51777 51753
52005 51972
51653 51652
51616 51595
51498 51451
51015 50962
50753 50749
50532 50505
50953 50941
50894 50891
50440 50415
50384 50364
50203 50195
50024 50018
49955 49915
49897 49885
49737 49726
49610 49607
49566 49540
49530 49496
49157 49154
49110 49104
48617 48591
48229 48225
48112 48105
47774 47729
47396 47344
46910 46865
47202 47180
47598 47564
46709 46655
46576 46574
46414 46353
45764 45762
45894 45883
45464 45448
44695 44688
44659 44636
44557 44549
44492 44482
44594 44572
44385 44367
44266 44256
43960 43959
44151 44136
43930 43916
43889 43871
43564 43535
43029 43025
42908 42884
43301 43269
42823 42780
42720 42702
42215 42172
42534 42519
42165 42160
42032 41976
41925 41879
41735 41726
41719 41712
41870 41864
41467 41451
41321 41294
41065 41064
40881 40825
39936 39928
39371 39370
39365 39330
39308 39306
39040 39026
38868 38846
38675 38670
38840 38839
38504 38465
38324 38311
38242 38193
38050 38010
37921 37796
37737 37706
37608 37604
37592 37515
37498 37497
37159 37103
37453 37412
37038 37008
36922 36917
36673 36663
36774 36756
36631 36603
36069 36040
36521 36509
35922 35894
35816 35787
35613 35586
35530 35523
35378 35356
35209 35193
34794 34782
34505 34497
34408 34368
34347 34329
33902 33891
33913 33909
33684 33679
33265 33239
33233 33208
33182 33170
33094 33070
32724 32720
33028 32955
32194 32184
32117 32055
31751 31746
31354 31352
31075 31073
31215 31211
30544 30530
30528 30503
29468 29428
30242 30211
29955 29931
29872 29849
29413 29393
29276 29259
29217 29199
29189 29166
28758 28756
28997 28978
28743 28719
28515 28435
28105 28096
27633 27631
27305 27291
27151 27141
27448 27425
27956 27851
26885 26839
26774 26754
27031 27018
26677 26661
26634 26597
25906 25894
26136 26117
24992 24962
24710 24649
24592 24583
24464 24432
24410 24398
24194 24191
23968 23881
23837 23826
23783 23777
23559 23544
23450 23446
23319 23294
22227 22223
21965 21960
22711 22685
21894 21885
21661 21595
21134 21125
20686 20685
20380 20321
20406 20404
20421 20418
20250 20237
20099 20045
19989 19988
20142 20133
20036 20033
19330 19327
19101 19064
18908 18876
18524 18501
18440 18425
18811 18769
18170 18169
18209 18201
18136 18132
17497 17494
17175 17145
16584 16568
16128 16097
15937 15932
15577 15557
15700 15669
14955 14907
14204 14201
14166 14162
14152 14130
13662 13635
13464 13413
13615 13604
13675 13670
13386 13379
13307 13274
13022 13006
12691 12689
12779 12730
12664 12620
12307 12286
12177 12147
12082 12033
12014 11908
11407 11397
11330 11327
11608 11599
11195 11143
11074 11038
11111 11079
10978 10973
10947 10910
10830 10805
10461 10425
10184 10130
10248 10238
10096 10038
9057 9044
8974 8952
8330 8284
8494 8468
8270 8269
8242 8230
7999 7996
7520 7515
7385 7337
6781 6768
6326 6245
6062 5956
5739 5710
5563 5560
5598 5581
5527 5510
5121 5104
4779 4768
4765 4753
4674 4600
4125 4103
4460 4448
4441 4440
4303 4189
4016 3885
3829 3815
3666 3572
3482 3470
3332 3322
3211 3184
2798 2768
2376 2356
3286 3278
2195 2186
2161 2154
2133 2105
1993 1936
1928 1886
1593 1559
1064 1058
1204 1200
822 800
794 785
777 728
722 718
162 116
706 689
39 26
78743 78741
71263 71251
70854 70783
68850 68834
68078 68047
64821 64791
68335 68333
60077 60048
67625 67624
58638 58611
58403 58290
55311 55283
50587 50394
47863 47848
43447 43441
42295 42282
42180 42142
36914 36907
34981 34953
31730 31672
29195 29182
29266 29234
28463 28454
28450 28430
27049 27028
23553 23531
20185 20168
19196 19172
16479 16429
15748 15737
18899 18833
13582 13576
11012 10987
8406 8375
6860 6850
6700 6699
3994 3970
3185 3120
2545 2487
364 352
79940 79902
78697 78629
78535 78534
79216 79171
78019 77989
77923 77916
78075 78021
77807 77782
77815 77813
77563 77481
77262 77256
77477 77417
77019 76955
76859 76831
76596 76569
76455 76452
76427 76426
76800 76772
76090 76069
75751 75747
75663 75633
75568 75546
74267 74256
73511 73502
73376 73336
73114 73113
72861 72835
72282 72281
72964 72958
72675 72665
72315 72313
72230 72216
71611 71598
71709 71704
71587 71583
71481 71480
71103 71073
71061 71034
71031 70974
70826 70813
70182 70179
70168 70153
69805 69799
69373 69364
69187 69182
68509 68505
67864 67825
67803 67781
67658 67650
67314 67208
67161 67157
66747 66721
66457 66440
66489 66480
66077 66048
66478 66464
66222 66214
65991 65986
65722 65721
65870 65817
65804 65774
65385 65334
65223 65211
65068 65060
65449 65413
64429 64405
64670 64666
64286 64271
64191 64182
63588 63534
63642 63629
63680 63671
63027 63003
62997 62991
63348 63347
62745 62737
62190 62188
61957 61947
61545 61516
61271 61267
60866 60863
60837 60833
61489 61485
60924 60911
60813 60810
60800 60776
60854 60842
60737 60687
60685 60677
60242 60217
60461 60451
60377 60349
60182 60108
59720 59719
59445 59437
59785 59784
58945 58894
58400 58374
58251 58244
57874 57873
57415 57310
56462 56457
56456 56453
55376 55375
55292 55268
55002 55001
54993 54963
54623 54622
53600 53588
53052 53003
52682 52668
52564 52491
52606 52576
52440 52423
52063 52007
51215 51195
51855 51831
50696 50683
49848 49810
49624 49613
49383 49380
49238 49214
49307 49262
49194 49172
48789 48784
48635 48630
48781 48766
48529 48514
48434 48398
47547 47515
47337 47222
46946 46943
46276 46259
47052 46953
46145 46138
46339 46329
46072 46054
45974 45967
45876 45830
45821 45819
45814 45787
45312 45290
44812 44811
43628 43606
43383 43333
42937 42921
42663 42620
42547 42535
42410 42382
41645 41619
41513 41509
41403 41384
41381 41365
41104 41078
40630 40534
40466 40416
40104 40103
40316 40300
39843 39791
39464 39444
39869 39868
39698 39685
39420 39407
39248 39244
38799 38766
38706 38686
38820 38810
38563 38551
38416 38377
38369 38366
38508 38507
38100 38056
37926 37922
36330 36326
36212 36200
35730 35724
36396 36354
35701 35692
35670 35662
35435 35424
35655 35639
35348 35325
35277 35263
34473 34469
34046 34042
33826 33807
33516 33508
32932 32922
32872 32798
32582 32576
32127 32125
31343 31338
32007 32003
31873 31856
31315 31276
31249 31229
30934 30916
30901 30870
30623 30619
30988 30980
30383 30362
30323 30309
30004 29971
29540 29469
28369 28363
28573 28563
28282 28242
28531 28521
28038 28027
27577 27526
27184 27156
27129 27125
26783 26775
26495 26482
26575 26571
26442 26421
26113 26081
26182 26159
25938 25933
26301 26280
25783 25751
25622 25591
25883 25872
25544 25536
25481 25419
25157 25147
23972 23969
24106 24079
23474 23456
23326 23321
23202 23116
22436 22428
23857 23856
22542 22463
22813 22808
22407 22381
22204 22184
21169 21165
22356 22354
21551 21540
21115 21114
21414 21396
21063 21012
20774 20699
20614 20613
20606 20605
20176 20152
20117 20111
19880 19837
19706 19641
19448 19423
19374 19363
19013 18980
18866 18855
18756 18690
18352 18327
18197 18193
18125 18078
17672 17603
18161 18153
17273 17272
17131 17077
16725 16653
17557 17517
16999 16987
16488 16487
16462 16437
16434 16415
16639 16605
16370 16362
16186 16179
16068 16025
16010 16005
15630 15618
15769 15716
15350 15341
14763 14737
14724 14717
14595 14568
14905 14896
14395 14393
14233 14225
14712 14626
14063 14057
14221 14215
13549 13537
12722 12711
12467 12440
12236 12213
12107 12084
11389 11342
10637 10590
11713 11706
10297 10267
10359 10311
9944 9932
9042 9001
8353 8350
9633 9613
8139 8095
7269 7255
6702 6701
6884 6847
7033 6969
6655 6639
6189 6171
6456 6454
5449 5446
6127 6103
5242 5198
5179 5171
5030 5011
4702 4699
4955 4951
5006 4989
4553 4542
4071 4043
3768 3760
3549 3545
3366 3348
3320 3306
2916 2915
2421 2381
1550 1536
1386 1362
943 924
1424 1391
983 982
651 634
598 590
79929 79895
79949 79934
79700 79692
78950 78947
78928 78882
78455 78440
78398 78395
77971 77951
78389 78368
77327 77324
77718 77690
77882 77856
77105 77095
77461 77451
76871 76784
76091 76058
75805 75741
75364 75339
75931 75924
75373 75368
75331 75289
75004 74986
74580 74577
73956 73932
74570 74544
74197 74170
74420 74416
73905 73887
74541 74527
74046 74027
73437 73421
73164 73158
72922 72917
72805 72785
72508 72498
72068 72050
72194 72174
72046 72031
71876 71873
71854 71844
71802 71792
71710 71685
71569 71559
71208 71205
71075 71052
70355 70327
69931 69909
69825 69820
69804 69800
69796 69770
69533 69519
69305 69288
69583 69548
68822 68777
68623 68616
67392 67328
67132 67081
67038 67024
66975 66908
66850 66837
66406 66395
66261 66252
66009 65924
65430 65427
65708 65648
65244 65236
65401 65381
65157 65137
64743 64741
63364 63352
62781 62770
64251 64237
62960 62919
62993 62976
62610 62589
62174 62143
62073 62059
61493 61492
59650 59643
59367 59366
60688 60674
59244 59238
59198 59168
59045 59021
58788 58772
58744 58743
58736 58693
58484 58472
58432 58410
58314 58294
58041 58002
57900 57896
57445 57431
56572 56553
57698 57682
56001 55976
55258 55220
55022 55005
54665 54612
53337 53314
53184 53174
53453 53430
53063 53058
52804 52785
52765 52709
52680 52676
53555 53524
52432 52373
52472 52466
52358 52348
52052 52050
51435 51432
51686 51672
51421 51402
51602 51597
51018 51010
50790 50745
50602 50598
50594 50582
50485 50474
50238 50215
49822 49813
49772 49759
49191 49161
49114 49100
48919 48894
49054 49015
48528 48501
48653 48611
47901 47891
47305 47302
47276 47207
47383 47373
47077 47076
47042 47032
46730 46727
46648 46643
46572 46490
46797 46782
45924 45913
45116 45109
45013 44968
44521 44494
43836 43822
44352 44338
43491 43471
42645 42533
42334 42330
42709 42691
42036 42013
41721 41713
41212 41200
41195 41129
41091 41090
41027 41024
40726 40714
40604 40599
40043 40040
39659 39639
40260 40257
39476 39457
38795 38783
38310 38304
37831 37828
37693 37657
37220 37218
36821 36799
36874 36871
36300 36295
36284 36266
36073 36059
35761 35744
35714 35702
35856 35853
34926 34900
34084 34006
33877 33875
33848 33793
33792 33790
33246 33238
32834 32816
33066 33057
32536 32524
32488 32479
32640 32627
32367 32363
32156 32126
31945 31925
31437 31421
31125 31121
30975 30914
30891 30885
30883 30874
30698 30683
30682 30604
30414 30359
30136 30092
29038 28935
29181 29151
28926 28924
28905 28903
28708 28691
27861 27858
27559 27550
27546 27523
27404 27402
27457 27430
27169 27124
26984 26977
26889 26857
26845 26828
26821 26815
26660 26659
26656 26653
26563 26546
26648 26611
26427 26416
25912 25881
25713 25701
25499 25475
25878 25857
24927 24910
24316 24315
23733 23723
23669 23666
23063 23054
22773 22756
22684 22669
22638 22637
22601 22498
22393 22379
22352 22273
22144 22143
22102 22080
21451 21446
21354 21347
21058 21027
20662 20659
19842 19840
19695 19674
19597 19585
19358 19318
19272 19267
18821 18781
18673 18655
18567 18527
18427 18424
18510 18495
17391 17347
17102 17095
16870 16850
16273 16196
15802 15795
15548 15545
15359 15342
15006 14953
14917 14881
15079 15069
14750 14668
14667 14658
14088 14048
13771 13742
14147 14135
14405 14337
13587 13573
13152 13144
13106 13105
13102 13093
13087 13064
12809 12806
12737 12732
12273 12268
12152 12146
12072 12068
11975 11969
11653 11602
11213 11208
11520 11508
11182 11168
10974 10932
10724 10718
9118 9108
8631 8625
9284 9276
6888 6827
6737 6736
6331 6318
6142 6140
5820 5811
5762 5730
5593 5585
5434 5430
5162 5135
5561 5515
4671 4658
4256 4254
4750 4717
4243 4242
4246 4245
3814 3798
3373 3350
2959 2948
2759 2707
2613 2612
2667 2621
1777 1776
1772 1754
1752 1703
1076 1061
1043 1030
1098 1096
828 780
111 63
482 458
377 356
423 405
216 200
77047 77015
74349 74301
63344 63211
57395 57373
56749 56685
39504 39277
32248 32207
28780 28730
21598 21504
8265 8220
77901 77879
12058 11995
79764 79744
16985 16962
79823 79794
79563 79542
79140 79105
78970 78916
76667 76666
77409 77341
76393 76374
75712 75700
74906 74877
74217 74184
74130 74128
73996 73989
73717 73710
73021 73011
72951 72907
72894 72867
72771 72741
71872 71853
70500 70485
70148 70118
69760 69749
69732 69731
68975 68952
68636 68613
65273 65252
66664 66661
64925 64897
64496 64475
62650 62636
64364 64334
62171 62170
61468 61412
59842 59834
59178 59177
58186 58185
57174 57129
57034 57013
57525 57512
56634 56628
55679 55671
54195 54139
52325 52311
52289 52254
51803 51785
49689 49646
50046 50032
50589 50579
49449 49395
48703 48700
50308 50306
48017 47998
46752 46712
46173 46158
43844 43839
42945 42941
42463 42437
43708 43682
41702 41686
41253 41249
40892 40885
40757 40703
40400 40346
40096 40066
40049 40034
39979 39975
39121 39113
36268 36265
35982 35965
35766 35750
35878 35871
35049 35047
34854 34852
34189 34135
33131 33103
32890 32878
30769 30766
28340 28328
29675 29648
30085 30053
27608 27586
27506 27503
27341 27326
25714 25709
25123 25121
24559 24546
24166 24158
23664 23654
22987 22962
21381 21319
20551 20549
17262 17240
16819 16800
16256 16238
15057 14993
16234 16225
14477 14472
14372 14345
14966 14965
14001 13978
13727 13712
13196 13158
13114 13067
13920 13844
11804 11730
11663 11643
10866 10849
10779 10742
9414 9400
9186 9097
8917 8846
7926 7885
10517 10493
9815 9811
9339 9334
7860 7852
7075 7042
6690 6673
5409 5390
6632 6612
5947 5853
5431 5429
4942 4929
5321 5315
4354 4347
5189 5185
2316 2305
1049 1036
1278 1276
918 882
666 654
298 284
79883 79881
79809 79800
79518 79473
79379 79374
79348 79330
78871 78818
78607 78596
78105 78090
77811 77806
77620 77547
77394 77370
77260 77250
77236 77221
77009 76997
77086 77013
76562 76560
76491 76480
76334 76323
76299 76281
76232 76164
75849 75820
75599 75592
75495 75476
75462 75461
75460 75459
75280 75255
75228 75119
74950 74940
74915 74862
74831 74815
74506 74467
75096 75074
74805 74801
74228 74219
74154 74149
73713 73684
73291 73285
73379 73303
73122 73112
73067 73030
72990 72977
72764 72747
72911 72883
72734 72709
72521 72518
71663 71655
71635 71634
71624 71622
71618 71594
71454 71441
71415 71394
71516 71511
71236 71235
71362 71341
71314 71302
71096 71080
70898 70864
70794 70772
70276 70264
70313 70296
70126 70124
70257 70253
70166 70137
69648 69646
69377 69349
69231 69188
68989 68979
68743 68742
68720 68641
69172 69160
68587 68572
69942 69937
68401 68398
68218 68205
67922 67920
67893 67874
67045 67044
66889 66886
67635 67631
66833 66828
66715 66714
66245 66243
66428 66427
66210 66187
65798 65785
66181 66133
65730 65717
65636 65622
65598 65554
65352 65347
65316 65275
64890 64862
64767 64765
64733 64654
64442 64434
64234 64231
64171 64170
64574 64572
64312 64285
63991 63939
63835 63789
63451 63426
63215 63214
63203 63199
62868 62823
63079 63075
63159 63155
62911 62899
62476 62469
62460 62446
62301 62277
62089 62078
62042 62012
61913 61869
61834 61826
61272 61262
61253 61186
60757 60745
60487 60453
60404 60390
60333 60327
60322 60308
60633 60628
60020 60006
60283 60261
60195 60166
59234 59229
59166 59153
59076 59054
59358 59353
59304 59261
58981 58978
58771 58758
58667 58647
58594 58590
58558 58526
58460 58435
58515 58497
58256 58250
58159 58155
57993 57978
57969 57964
57814 57807
57793 57752
57628 57619
57522 57495
57893 57881
57396 57309
56819 56818
56751 56722
56796 56767
56242 56230
56703 56680
56268 56267
56629 56627
56076 56045
56323 56320
55890 55884
55795 55790
55582 55578
55310 55299
55476 55461
55210 55183
55131 55124
55049 55034
54280 54274
54547 54545
53950 53944
54371 54353
53918 53877
53481 53476
52960 52936
52980 52977
52651 52643
53114 53071
52639 52584
52832 52807
52297 52250
52234 52147
52513 52508
52120 52118
51879 51859
51269 51266
51829 51820
51218 51193
52040 52018
51108 51084
50857 50846
50820 50795
50738 50735
50704 50662
50402 50392
50385 50365
50207 50179
50171 50165
50151 50143
50019 50012
49937 49932
49926 49879
49875 49856
49520 49498
49351 49345
49155 49133
48891 48885
48950 48947
48860 48852
48768 48764
48832 48794
48705 48682
48446 48381
48286 48281
48256 48244
48096 48081
48065 48053
47928 47913
47723 47717
47364 47353
47330 47325
47134 47133
47088 47079
47056 47046
46842 46801
46626 46583
46092 46090
45930 45926
45661 45634
45193 45158
44707 44696
45131 45118
45029 45022
44732 44721
44916 44901
44646 44633
44787 44760
44288 44236
44406 44359
44149 44097
43546 43545
43799 43788
43445 43409
42872 42845
42979 42965
42112 42087
41824 41806
41691 41684
41575 41559
41481 41439
41436 41420
41098 41093
41043 41040
41020 41019
40987 40968
40664 40635
40502 40480
40217 40212
39939 39931
39832 39775
40075 40065
39563 39551
39077 39021
39355 39343
39008 39005
38842 38830
38561 38511
38359 38323
38320 38312
38482 38444
38257 38246
37994 37970
38150 38137
37511 37477
37427 37408
37387 37370
37338 37325
37010 37009
36780 36720
36486 36462
36392 36375
36022 35993
35584 35583
35323 35284
35534 35517
35479 35448
34976 34975
34826 34821
35657 35638
35026 35022
34393 34392
34353 34337
33775 33750
34287 34272
33524 33511
33217 33201
33152 33088
33340 33329
32353 32329
32313 32296
31485 31443
31890 31889
31821 31774
31570 31543
31060 30993
30524 30514
30806 30759
30506 30497
29418 29417
30352 30345
29779 29749
29318 29291
29265 29230
29224 29210
29191 29186
28670 28655
28794 28791
28497 28485
28779 28770
29048 29044
28401 28384
28368 28365
28244 28209
27496 27472
27400 27376
28268 28250
27426 27422
27259 27252
27280 27268
27242 27224
26786 26740
26706 26664
26457 26445
26376 26345
25535 25504
25030 25006
25005 24971
24674 24652
24268 24253
24178 24159
24144 24120
23850 23810
23453 23428
23213 23207
23515 23476
23084 23069
22461 22424
22208 22178
22477 22471
21877 21873
22113 22104
21769 21748
21233 21220
21085 21081
21080 21064
20911 20871
20720 20715
20151 20006
20003 20000
19620 19611
19383 19372
19232 19207
19197 19180
19642 19637
19128 19108
18914 18904
18762 18725
18718 18697
18645 18592
18577 18568
18444 18430
18313 18308
18301 18297
18484 18471
18287 18282
18113 18065
17967 17942
17665 17578
17173 17149
17330 17177
17009 17001
17731 17716
16777 16769
17042 17027
16537 16493
16604 16578
16148 16136
16804 16793
15705 15617
15092 15083
14814 14801
14652 14650
14440 14411
14115 14105
14269 14262
14035 14032
13572 13561
13428 13422
13546 13524
13452 13439
12753 12747
12784 12772
12679 12671
12552 12497
12250 12229
12397 12379
11945 11940
11862 11848
11807 11769
11575 11556
11493 11448
10821 10785
11083 11071
10367 10358
10065 10027
9404 9374
8929 8922
8859 8810
8487 8453
8440 8438
7872 7868
8897 8869
8110 8105
7805 7786
7703 7631
7247 7245
6938 6915
6908 6891
6577 6557
6448 6425
6350 6340
5968 5916
6276 6208
5653 5651
6116 6096
6076 6039
5057 5054
4678 4677
4786 4773
4641 4584
4240 4209
3947 3944
3487 3477
4124 4112
3009 2974
2867 2852
3073 3062
2693 2674
2494 2491
2026 2020
1834 1829
1862 1850
1675 1666
1649 1640
948 936
578 566
560 542
275 259
79425 79423
78224 78179
76730 76726
75213 75203
73858 73828
69571 69539
67549 67518
65191 65181
63905 63865
63345 63337
60273 60272
56117 56099
57489 57485
58624 58610
56483 56479
55907 55904
54429 54428
53708 53701
56163 56142
53377 53353
52338 52328
51444 51418
48211 48183
39667 39656
39226 39222
47812 47779
