335
608
4581
2362
2070
18772
4638
23585
12693
4476
20463
16465
12052
66117
23328
2046
10679
18942
17727
9808
14691
4129
17713
862
4563
20486
22138
69364
20400
40112
11012
57704
52825
3146
28797
4007
2688
11065
15768
5852
14678
5664
39469
9700
5879
4613
17418
1800
38277
11679
15483
36264
13700
1416
21061
11823
23381
31173
19728
14400
21421
12867
10970
11795
12808
7750
41340
4838
23233
53353
22578
7410
420
21404
6280
34340
14808
5481
1417
39022
19960
39987
19378
7689
23761
68431
10014
1425
41148
73678
25254
40942
3953
4352
32841
18759
10043
33049
4642
5927
21678
20094
22969
15550
878
43573
17998
280
495
5449
8669
9641
4843
24173
35342
7493
8079
461
51618
30463
9446
21559
36142
2911
5537
5533
26587
24212
20018
5020
43642
22523
24120
15679
331
5428
6469
8665
33678
33133
11286
30578
36521
8156
22509
31872
40865
10573
16947
4609
7491
7748
3075
1222
13342
1712
7747
9722
50751
18289
12116
10433
22324
12495
12810
70764
4133
23000
9399
12543
11683
153
33464
16165
8322
14413
29958
6416
5720
9955
199
16791
6542
5001
10754
37193
4176
6302
5248
29195
17445
36810
20152
9679
3077
9365
21493
9050
33129
2250
6213
7965
6000
7918
18523
2071
7253
21794
46729
28666
12997
48707
9878
10977
19639
33380
3329
1630
18044
11930
59009
20785
16622
13330
34483
1180
10328
156
21887
35527
3810
462
30712
6748
12869
9863
7278
13947
31477
13813
9334
43835
2353
8102
11146
22432
14067
792
39331
19038
16774
25522
2329
10287
19388
18440
5312
8998
482
19849
1724
15486
15242
35255
8239
19529
6221
37798
35109
33015
27029
18113
11050
3309
22946
2687
6995
3816
16094
13708
0
6674
5162
21043
1486
15294
1635
3426
28246
42212
1799
48545
2948
22151
14447
17496
5374
2968
73120
875
38159
25606
5869
13161
5096
47765
14635
5564
8019
4488
12427
29639
21426
28792
9022
15746
19021
41979
22265
17038
6898
47457
2313
35588
7332
2428
14976
3678
342
13027
24588
33828
2565
21852
10833
7030
