750
326
667
378
733
230
611
842
790
14
74
112
938
293
489
110
593
303
776
315
975
874
811
45
827
807
574
869
453
875
702
925
430
822
713
77
826
356
933
787
658
1
997
319
978
514
222
560
177
298
680
742
565
184
908
850
931
274
309
283
536
140
62
724
591
605
815
63
804
865
209
821
640
719
440
362
839
483
935
240
299
278
922
693
727
24
100
849
687
669
284
597
526
906
442
29
39
786
400
261
311
886
406
193
369
783 190
558 445
142
328
203
604
863
512 496
682
396
73
578 403
699 253
178
279
892 152
750 207
888
587 398
980 79
798 180
820
749 221
985 54
598 363
708
831
671
944
347
663
245
878
844
584
986
603 322
926
502
120
907
554
111
25
361
352
532
251
516
3
992
189
436
594
614
951
936
896
530
500
159
391
549
712
462
435
900
456
898 291
736
905
683 527
688
463
292
940 185
946 117
901 264
904 237
941 175
792
909 191
923
899
756
677
979 69
768
755
782 395
864
974 68
830
972
704
880
968 86
884 295
757
429
648
509
644
551
541
855
450
348
302
364
313
535 64
411
423
606
877
4
739
867
799
561
559
746
913
367
706
889
654
247
623
576
468
201
480
387
277
555
775
508
287
13
145
630 487
38
910 58
633 384
666 269
806 158
897 66
668 257
698 246
836
731 214
773 206
824 119
961 37
928 57
761
793 131
981 0
828 85
488
567
779
416
728
732
771
745
314
725
638
645
588
154
550
472
260
219
197
127
28
109
709 359
125
217
22
83
599 390
545 529
934 59
517 492
590 338
563 478
579 465
582 375
595 266
651 288
753 198
834 123
930 96
838 126
876 102
573 382
689 290
547 405
566 426
681 336
763 252
612 443
697 330
572 518
653 388
705 321
833 182
835 157
862 144
891 129
915 93
674 376
701 368
703 327
808 270
665 438
620 447
993 31
408 372
991 26
837 88
847 20
861 27
995 8
894 15
814 51
797 94
796 91
795 108
721 162
744 118
661 114
619 169
615 183
581 204
543 249
521 262
511 289
553 242
471 263
469 341
470 339
409 344
392 10
982 44
960 67
929 101
885 150
873 105
856 153
840 155
846 195
740 386
817 200
813 243
751 256
714 401
735 402
670 415
686 413
617 458
513 481
524 461
522 475
988 52
977 49
956 72
858 138
912 133
881 130
832 137
932 99
800 236
770 231
765 307
726 304
716 318
537 383
544 394
494 410
482 422
455 424
947 40
454 444
452 12
937 80
953 30
984 32
872 134
903 115
853 147
841 156
825 188
801 259
794 285
760 297
675 345
643 407
625 414
571 525
562 6
952 124
583 490
662 371
973 18
920 151
943 146
879 173
866 199
857 165
737 227
805 244
695 273
664 350
622 365
624 355
528 437
609 373
534 434
474 459
996 36
967 47
965 61
958 65
957 95
949 76
810 163
818 160
774 168
769 171
758 172
715 226
711 234
657 250
684 238
585 353
927 55
918 128
911 143
882 116
871 218
990 46
919 71
503 501
495 2
759 271
789 280
628 366
816 223
580 428
601 385
577 464
710 331
196
78
286
179
113
497
241
557
294
969
723
802
546
868 82
962
781 161
720 224
717 215
890
676 248
637 337
631 484
632 432
636 343
87
19
660 335
608 498
607 510
149
50
181
211
254
275
329
300
216
320
301
187
964
404
994
950
381
942
11
139
23
924
89
92
34
954
939
5
148
81
90
281
228
166
296
370
539
451
467
360
616
479
349
777
103
485
803
457
504
433
629
729
679
887
635 552
762 417
883 399
963
788 310
752 419
659 548
634 586
70
35
265
673 542
21
700 466
208
167
9
618 589
48
641
860
98
106
202
627
499
507
389
613
685 476
305
707
902 104
393
812
533
272
41
718
600 324
845
610
970
650
998
921
987
945 84
916 97
743
570
999 53
564 427
870
696 306
225
229
232
568 418
754
523 449
460
267
255
233
60
358
239
596
421
439
692
473
656
213
852
446
7
174
212
851
107
491
75
893
170
486
690
778
332
354
983
312
136
121
540
346
377
425
342
791
819
268
895
575
431
556
205
520
823
767
649
441
325
829
16
531
848
785
186
276
652
132
176
917
976
220
602
333
741
235
519
379
854
694
258
351
809
380
412
56
672
374
655
164
515
678
621
316
334
730
308
323
914
448
340
859
772
357
317
691
397
538
647
639
592
43
122
141
646
766
493
959
569
738
747
955
764
843
966
17
33
477
210
42
135
192
642
194
282
420
505
506
626
722
971
734
748
780
784
948
989
