75
84331 83819
80209 80094
34317 34098
59973 59920
89440 89347
86765 85839
79092 79011
59107 57816
57696 57579
48677 47970
44651 44027
43869 43568
40623 40330
33869 33138
18056 18013
14344 13833
13279 13071
11484 10472
9633 9507
8664 8662
4588 3986
85346 85186
75831 75825
68019 67901
66324 66090
57220 57189
45569 45497
44740 44696
39032 38973
22353 22344
15598 15466
4349 4249
89340 88822
87447 87217
85799 84914
84834 84668
79849 79476
76420 76345
64170 63004
62771 61905
59378 59309
49281 48976
38318 36296
35981 35806
32064 31968
30193 30107
29935 29589
23860 23410
21319 21092
6223 5693
88024 87881
87374 87284
86594 86584
82922 82851
79989 79925
78726 78615
76607 76546
74808 74727
73707 73501
69673 69548
65971 65960
64442 64333
59643 59623
55590 55560
55275 55109
54936 54818
53784 53737
53685 53466
51247 51157
51014 50954
50319 50305
48350 48225
47902 47778
44925 44826
43289 43062
