144
73686 73638
79930 79844
79628 79612
79575 79495
79421 79385
78968 78935
77604 77509
77199 77159
76590 76584
76260 76237
75275 75180
74897 74781
74515 74501
74137 74114
73599 73591
73217 73190
72190 72154
71381 71274
71214 71186
71131 71072
70767 70764
70717 70630
70270 70249
70240 70183
70084 70017
69898 69873
69821 69803
69317 69246
69110 69081
68973 68972
68480 68436
67683 67654
67617 67538
67196 67144
67110 67052
66429 66363
66157 66093
65882 65839
64288 64144
62965 62940
62352 62163
62096 62066
61623 61559
60983 60969
60887 60806
58534 58479
58231 58177
57484 57465
55798 55756
54836 54809
54409 54332
53311 53307
53251 53234
53197 53196
52881 52874
52263 52251
52087 52082
51784 51770
51442 51438
51359 51340
51305 51293
51127 51072
50221 50136
50081 49989
49975 49796
49468 49225
48778 48735
48527 48511
47687 47680
47465 47460
47394 47388
47128 46995
45901 45853
43157 43142
42121 42019
41877 41866
40621 40535
40303 40277
39895 39846
39097 39034
38557 38533
37826 37812
37269 37252
35427 35420
34585 34548
34150 34119
33957 33921
33915 33859
33481 33475
33183 33108
31891 31866
31377 31359
30989 30952
30588 30480
29079 29049
28891 28803
28112 27977
27380 27338
27149 27137
26448 26402
25161 25124
24951 24883
23831 23696
22918 22914
22856 22814
20684 20598
20059 20010
19977 19908
19800 19729
19384 19369
18911 18910
18576 18475
13318 13314
11982 11903
11501 11497
11322 11259
10820 10816
9984 9956
9476 9455
8784 8723
8711 8708
8583 8556
8515 8416
6579 6564
6464 6436
6034 6026
5882 5857
5797 5766
5241 5226
5122 5115
5100 5052
4328 4315
4069 4050
3452 3435
3312 3280
3001 2991
2955 2946
2869 2775
2366 2348
1526 1472
523 460
189 167
79775 79769
79221 79193
