61
34317 34098
40623 40330
86765 85839
44651 44027
59973 59920
43869 43568
84331 83819
57696 57579
89440 89347
48677 47970
39032 38973
8664 8662
79092 79011
80209 80094
38318 36296
47902 47778
18056 18013
13279 13071
66324 66090
22353 22344
4349 4249
4588 3986
85799 84914
15598 15466
44740 44696
64170 63004
87447 87217
50319 50305
51247 51157
68019 67901
33869 33138
82922 82851
11484 10472
55590 55560
45569 45497
14344 13833
53685 53466
9633 9507
35981 35806
76420 76345
33300 33205
59643 59623
74808 74727
85346 85186
17987 17932
79849 79476
10031 10029
57220 57189
59378 59309
89340 88822
53784 53737
23860 23410
87374 87284
51014 50954
35622 35528
6223 5693
78726 78615
86594 86584
49281 48976
21319 21092
54936 54818
