103
9365
21493
9050
33129
2250
6213
7965
6000
7918
18523
2071
7253
21794
46729
28666
12997
48707
9878
10977
19639
33380
3329
1630
18044
11930
59009
20785
16622
13330
34483
1180
10328
156
21887
35527
3810
462
30712
6748
12869
9863
7278
13947
31477
13813
9334
43835
2353
8102
11146
22432
14067
792
39331
19038
16774
25522
2329
10287
19388
18440
5312
8998
482
19849
1724
15486
15242
35255
8239
19529
6221
37798
35109
33015
27029
18113
11050
3309
22946
2687
6995
3816
16094
13708
0
6674
5162
21043
1486
15294
1635
3426
28246
42212
1799
48545
2948
22151
14447
17496
5374
2968
