111
19384 19369
19977 19908
22856 22814
20059 20010
29079 29049
34150 34119
33915 33859
34585 34548
39097 39034
37826 37812
38557 38533
47465 47460
47394 47388
45901 45853
48778 48735
49468 49225
52087 52082
52881 52874
53197 53196
53311 53307
54836 54809
53251 53234
55798 55756
58231 58177
57484 57465
54409 54332
60983 60969
61623 61559
62965 62940
62096 62066
64288 64144
62352 62163
68480 68436
69110 69081
71131 71072
74137 74114
74515 74501
75275 75180
78968 78935
79930 79844
79421 79385
79575 79495
77604 77509
79628 79612
76590 76584
77199 77159
76260 76237
73599 73591
74897 74781
73217 73190
73686 73638
72190 72154
71381 71274
71214 71186
70270 70249
70084 70017
70240 70183
69898 69873
70767 70764
69821 69803
70717 70630
69317 69246
67683 67654
67196 67144
68973 68972
67110 67052
67617 67538
66157 66093
66429 66363
65882 65839
58534 58479
60887 60806
52263 52251
51359 51340
51442 51438
51784 51770
50221 50136
51127 51072
51305 51293
49975 49796
50081 49989
47687 47680
48527 48511
43157 43142
40621 40535
47128 46995
42121 42019
40303 40277
39895 39846
41877 41866
37269 37252
33957 33921
35427 35420
33183 33108
33481 33475
31891 31866
30989 30952
31377 31359
30588 30480
28112 27977
27149 27137
28891 28803
24951 24883
27380 27338
26448 26402
25161 25124
23831 23696
19800 19729
22918 22914
18576 18475
18911 18910
