1580
16305 16301
15966 15939
16824 16820
17072 17022
17788 17768
18320 18292
18275 18233
18386 18363
19123 19119
19165 19153
19582 19541
20665 20658
21091 21071
21006 20971
21874 21847
21216 21186
21275 21270
21585 21574
21523 21511
22949 22844
22761 22713
23730 23704
24577 24570
25089 25045
25297 25294
25336 25321
25403 25383
25578 25571
26945 26922
27079 27073
30428 30425
30958 30938
31731 31698
32052 32028
31455 31372
32555 32455
31506 31460
32769 32727
32717 32651
34022 34000
35285 35281
35259 35257
35412 35409
36021 35999
36723 36722
37059 37055
38629 38609
39281 39250
39098 39060
39312 39311
40136 40122
39629 39573
40236 40215
40669 40657
41039 41002
42418 42416
42363 42326
42753 42747
43104 43089
44084 44004
43483 43457
43677 43654
44210 44206
44729 44708
44755 44743
45048 44999
45095 45093
46312 46279
46566 46564
46618 46610
47826 47818
48068 48020
48322 48254
48906 48814
49167 49164
50002 49966
50491 50478
51066 51021
52089 52065
53818 53783
53876 53870
53996 53945
55134 55130
54780 54756
55643 55599
56089 56068
56271 56176
57259 57199
57665 57627
57464 57430
57961 57958
58173 58160
58101 58092
58657 58643
58862 58859
59073 59016
59792 59790
59826 59807
60019 59992
60052 60042
60570 60560
60319 60305
62080 62036
62624 62614
62723 62710
62986 62984
63446 63376
63737 63733
64117 64033
66190 66087
67008 66960
67039 67020
68075 68074
68209 68195
68468 68434
70579 70546
70683 70667
71774 71756
71691 71681
72121 72044
72271 72237
72321 72319
72469 72437
72832 72828
73431 73417
73577 73571
74523 74511
74174 74160
74809 74806
75168 75154
74856 74824
75878 75860
75956 75914
76001 75969
76292 76283
77088 77058
77145 77143
77833 77821
77876 77848
78088 78076
78776 78721
79707 79691
1737 1678
9618 9592
7741 7720
14927 14893
15032 14977
15491 15448
18179 18117
17861 17732
19693 19546
21417 21332
22673 22502
26261 26203
29046 28947
29910 29900
29939 29929
32051 32010
33334 33194
36105 35983
35481 35443
32334 32331
38791 38730
40711 40683
41839 41836
41996 41973
42390 42373
46244 46127
44399 44360
46401 46330
45844 45750
46703 46673
50291 50239
51192 51164
60925 60900
62104 62101
65815 65689
65546 65531
67033 67004
69622 69598
72220 72209
74203 74169
76700 76647
78796 78791
79292 79286
1125 1115
1191 1169
1264 1222
2912 2866
3025 3017
3517 3514
5278 5276
4925 4882
5573 5565
10387 10378
8710 8582
13520 13503
15868 15849
16963 16920
17430 17383
17743 17676
18036 18029
18823 18820
20630 20616
21175 21173
23637 23631
24261 24242
23846 23845
25680 25671
26056 26053
26558 26517
27808 27801
29801 29798
30188 30181
30210 30203
32570 32561
33951 33917
34211 34208
34251 34247
37236 37207
37333 37332
37495 37469
38153 38107
39786 39765
40279 40250
41496 41469
41586 41583
41508 41505
45092 45065
45581 45531
46324 46322
47162 47154
46939 46925
47483 47470
48135 48119
47673 47656
48473 48470
50167 50148
52241 52220
54224 54211
55397 55392
55562 55513
57428 57423
58598 58559
59703 59696
61331 61319
61637 61628
63743 63739
62092 62086
64261 64219
63225 63209
64885 64702
66929 66926
67731 67726
68067 68052
68156 68151
68806 68768
69896 69894
71265 71232
71810 71800
73053 73046
72784 72774
73273 73248
73403 73385
73979 73946
74352 74335
74405 74363
74036 74024
74946 74942
75827 75821
75817 75813
78905 78872
79080 79058
6099 6083
4268 4235
5749 5702
5950 5886
7278 7185
8033 8010
7419 7408
8363 8304
9576 9550
12385 12382
12228 12143
13773 13724
14661 14604
14764 14741
17275 17246
16113 16094
19213 19210
24614 24587
24874 24858
25249 25221
25675 25633
27264 27261
27278 27272
28231 28153
29607 29527
29791 29775
32420 32400
32853 32847
35518 35513
36528 36443
37502 37456
41749 41515
44300 44217
47197 47188
47264 47209
49609 49600
51431 51398
51659 51550
51740 51690
52836 52794
53434 53390
60705 60613
61170 61041
64773 64745
67980 67937
68129 68118
68803 68680
69352 69318
71484 71446
72126 72120
72322 72299
77366 77268
78667 78621
79168 79166
79337 79318
4477 4455
4554 4521
5265 5253
7182 7059
11175 11069
10017 10012
15888 15803
18809 18767
19080 19041
21916 21831
22722 22688
23389 23382
25993 25977
26080 26020
25779 25724
26390 26278
27283 27282
28585 28519
29896 29812
29743 29638
30842 30820
31512 31509
33058 33047
34322 34292
34470 34461
34927 34916
35575 35552
36251 36224
38517 38486
39587 39560
42786 42697
42931 42844
43020 43016
44526 44505
45279 45273
46541 46522
52533 52511
54785 54765
56640 56381
57248 57226
57334 57282
57781 57714
58169 58144
58238 58237
59499 59426
61359 61326
61541 61524
63750 63718
64942 64826
65363 65342
66331 66287
66963 66877
69185 69121
70476 70413
71062 70992
71909 71788
75424 75390
75619 75607
76102 75881
76223 76177
76928 76846
79221 79193
189 167
523 460
5100 5052
5241 5226
5797 5766
6464 6436
8784 8723
9984 9956
11322 11259
10820 10816
11501 11497
19977 19908
19800 19729
29079 29049
31377 31359
33957 33921
34585 34548
50081 49989
52263 52251
64288 64144
67617 67538
67110 67052
67196 67144
67683 67654
71131 71072
73686 73638
73217 73190
74897 74781
73599 73591
77199 77159
78968 78935
79930 79844
79421 79385
79575 79495
79628 79612
77604 77509
76590 76584
76260 76237
75275 75180
74515 74501
74137 74114
72190 72154
71381 71274
71214 71186
70767 70764
70717 70630
70270 70249
70240 70183
70084 70017
69898 69873
69821 69803
69110 69081
69317 69246
68973 68972
68480 68436
66157 66093
66429 66363
65882 65839
62352 62163
62965 62940
62096 62066
61623 61559
60983 60969
60887 60806
58534 58479
58231 58177
57484 57465
55798 55756
54836 54809
54409 54332
53311 53307
53251 53234
53197 53196
52881 52874
52087 52082
51784 51770
51442 51438
51359 51340
51305 51293
51127 51072
50221 50136
49975 49796
49468 49225
48778 48735
48527 48511
47687 47680
47465 47460
47394 47388
47128 46995
45901 45853
43157 43142
41877 41866
42121 42019
40621 40535
40303 40277
39895 39846
38557 38533
39097 39034
37826 37812
37269 37252
35427 35420
34150 34119
33915 33859
33183 33108
33481 33475
31891 31866
30989 30952
30588 30480
28112 27977
27380 27338
28891 28803
27149 27137
26448 26402
25161 25124
24951 24883
23831 23696
20059 20010
22856 22814
22918 22914
20684 20598
19384 19369
18911 18910
18576 18475
13318 13314
11982 11903
9476 9455
8711 8708
8583 8556
8515 8416
6579 6564
6034 6026
5882 5857
5122 5115
4328 4315
4069 4050
3452 3435
3312 3280
3001 2991
2955 2946
2366 2348
2869 2775
79775 79769
79161 79153
1526 1472
78868 78842
78476 78307
78063 78044
77092 77076
75489 75447
74991 74938
74750 74673
74444 74423
74536 74516
74402 74355
74028 74002
73791 73714
73529 73527
73496 73479
73400 73333
72292 72240
72891 72772
71169 71145
70390 70341
70604 70588
70163 70143
69972 69946
69560 69523
69475 69464
68611 68557
68168 68142
68008 67988
67802 67791
66659 66576
66565 66538
65581 65559
65524 65486
65467 65431
65271 65253
65026 64977
65229 65144
64656 64630
64595 64576
64321 64298
64728 64707
63837 63776
63201 63167
62502 62489
62896 62866
62120 62112
61979 61856
61841 61770
60779 60756
60530 60449
60043 60031
59896 59840
59306 59293
59242 59240
59783 59772
59027 58741
58723 58714
58080 58057
57932 57914
57885 57882
57704 57688
57276 57270
57098 57024
56927 56866
55754 55737
55356 55317
54900 54859
54764 54673
54258 54208
53589 53522
54443 54415
53193 53163
52567 52550
52077 52068
51951 51945
50361 50322
51853 51802
51288 51212
49138 49116
48888 48815
48402 48371
48129 48107
47719 47700
47672 47614
47991 47951
47425 47410
46993 46992
46656 46628
46616 46568
46504 46486
46410 46405
45102 45023
44835 44650
45000 44993
44988 44969
43522 43472
44064 43923
43412 43378
43264 43200
42273 42271
41968 41889
41164 41147
41484 41472
41110 40944
40644 40633
39945 39933
39636 39616
39795 39759
39011 38962
38662 38579
38576 38562
38289 38264
38263 38181
38013 37992
38069 38047
37213 36953
36887 36616
37436 37410
35976 35930
35880 35866
35511 35494
35371 35340
34764 34593
34431 34352
34232 34217
32145 32130
32759 32660
31920 31915
31827 31804
31667 31624
31448 31395
27899 27859
27788 27771
27691 27668
27540 27465
27204 27157
27021 27015
26913 26871
26863 26746
26727 26695
26649 26586
24766 24743
24735 24622
24990 24973
24512 24450
24364 24362
24301 24294
24234 24180
24149 24119
24097 24086
23963 23871
23520 23425
23310 23243
23232 23153
23137 23060
22859 22857
21752 21640
21432 21418
21150 21093
20954 20924
20757 20721
20363 20206
19360 19350
18663 18651
18457 18442
18441 18398
17409 17393
18345 18218
16943 16901
16832 16807
16795 16697
16521 16497
16403 16379
15438 15390
14460 14430
14029 14007
13959 13945
12957 12873
12687 12569
12300 12292
11613 11522
11482 11480
11399 11362
10456 10428
10324 10292
9892 9861
9836 9834
9942 9930
9679 9649
9320 9303
9293 9235
9197 9184
9079 8934
8895 8789
7953 7942
7891 7862
7760 7748
7642 7615
7690 7674
7389 7327
6835 6798
6786 6761
6253 6249
4967 4921
4855 4831
4041 4029
3722 3647
2689 2670
2657 2631
2423 2406
2046 1832
831 787
758 739
427 416
295 220
79993 79956
79822 79796
79032 78984
78602 78571
78502 78493
77869 77838
77787 77677
76773 76703
77149 77099
76461 76399
75586 75543
75380 75379
74264 74260
74080 74068
73302 73296
73855 73839
72430 72401
72099 72097
70135 70114
69872 69864
69678 69653
69424 69355
69225 69191
68542 68485
68107 68093
67345 67336
67298 67230
66821 66694
66528 66436
66340 66339
66241 66163
65887 65886
64540 64526
64502 64366
63122 63117
61438 61398
64143 64102
61300 61182
60428 60180
59914 59897
59690 59646
58604 58547
58471 58415
57870 57785
56948 56946
57567 57529
56347 56306
56157 56067
56017 55990
55901 55807
55271 55207
54299 54264
55176 55151
54506 54463
54007 53865
53861 53825
53517 53442
53650 53592
53162 53157
52634 52615
52172 52107
52374 52286
51941 51867
51068 51017
50995 50944
50940 50870
50687 50671
49076 49023
48588 48551
48359 48342
48487 48485
48336 48257
48054 48031
47300 47274
47833 47754
46514 46510
45672 45600
45731 45708
45469 45460
45187 45105
45593 45585
44608 44571
44863 44851
45440 45348
44158 44145
43704 43675
43770 43724
43666 43630
43001 42993
44138 44085
42482 42462
40911 40823
40264 40259
40514 40454
40240 40189
40045 40025
39599 39591
40436 40409
39262 39258
39251 39231
38453 38446
37708 37562
38436 38418
35849 35704
35683 35646
35200 35199
35136 35052
34866 34862
34839 34831
33806 33486
33458 33339
32639 32591
34539 34479
32202 32166
32105 32073
31985 31964
31507 31484
31111 31062
31350 31226
30787 30778
30107 30083
29365 29270
28728 28656
27637 27613
27428 27411
26514 26472
25941 25885
25569 25568
24444 24442
24573 24558
24852 24778
22870 22867
23617 23554
22408 22316
22480 22473
21828 21822
21638 21617
21084 21019
20850 20808
20571 20473
20115 20102
19245 19240
19414 19397
15584 15507
17203 17115
15382 15340
15337 15289
14871 14856
14848 14829
14726 14702
14352 14259
13851 13789
13714 13690
13483 13465
12857 12813
10745 10744
10405 10331
10715 10675
10279 10172
8670 8614
7972 7959
6351 6319
7024 6923
5597 5438
5324 5292
4155 4147
3866 3843
3533 3516
2903 2886
2630 2618
2590 2586
2266 2175
2174 2108
1452 1417
1796 1778
1641 1634
1342 1170
1141 1128
949 891
320 306
150 149
97 74
79369 79297
78795 78789
78788 78786
76162 76124
78610 78541
75309 75284
74655 74626
73581 73579
72644 72528
72036 72033
71437 71374
71934 71910
71305 71273
72016 72003
70474 70472
70943 70939
70464 70458
70451 70337
70267 70265
69905 69902
69681 69581
69334 69296
68993 68985
69263 69203
68420 68349
68103 68086
67689 67685
66597 66594
66578 66569
66553 66536
66399 66276
66253 66244
65978 65928
65890 65873
65766 65755
65153 65129
65045 64928
64649 64631
64528 64512
63798 63780
62603 62600
62034 62028
61874 61849
61793 61788
61739 61673
62534 62514
61370 61353
61079 61070
60770 60768
60660 60641
60437 60427
59773 59727
59623 59561
59492 59475
58676 58665
58825 58824
58366 58348
58319 58318
58156 58119
57700 57681
57095 57076
56695 56693
56548 56509
56445 56363
55902 55859
55789 55724
55668 55660
55838 55817
54959 54882
55498 55439
54717 54689
54418 54392
53673 53644
52995 52971
52800 52780
52416 52367
51368 51316
51527 51520
50728 50708
50668 50650
51741 51739
50624 50622
50121 50105
49339 49323
49203 49201
49639 49636
49148 49147
49056 49040
48995 48987
49024 49003
48498 48484
47894 47879
47686 47676
47145 47066
46634 46627
46212 46183
45940 45939
45519 45502
45211 45167
44435 44427
44333 44323
44631 44598
43233 43230
43076 43042
42733 42727
42296 42286
41972 41970
41969 41965
41960 41940
41831 41825
41777 41747
41599 41597
41556 41551
41361 41330
41221 41187
39299 39282
40150 40144
39732 39703
39188 39185
39179 39173
39166 39165
38740 38733
38538 38510
38426 38421
37791 37783
37665 37660
37239 37237
35574 35546
35483 35468
35135 35078
34851 34804
34587 34511
34425 34415
34273 34262
34241 34234
34054 34047
33779 33777
33768 33766
33571 33560
33414 33313
32432 32419
32258 32254
31961 31950
31683 31647
31557 31526
31365 31355
31047 31018
30783 30781
30397 30391
30757 30732
31275 31264
29345 29326
29324 29312
29750 29717
29158 29148
29042 29035
28847 28775
28078 28044
28674 28576
26986 26979
26726 26691
27365 27356
26690 26687
26468 26462
26246 26204
25290 25187
24949 24943
24422 24411
24902 24805
24317 24287
23755 23748
23622 23573
23486 23478
22639 22554
22261 22253
22142 22132
22100 22046
22004 21990
21843 21821
21784 21703
21459 21420
21251 21238
21100 21094
20472 20423
19520 19474
19226 19170
17953 17948
16909 16885
16794 16761
16296 16267
15813 15807
15791 15775
15665 15660
14807 14805
14284 14271
13784 13757
13535 13526
12935 12915
11697 11695
11642 11641
11571 11554
10485 10471
11541 11504
9355 9342
8057 8015
8388 8373
7948 7938
7531 7523
6794 6783
7398 7396
5817 5773
4472 4463
3882 3863
3849 3836
4135 4132
3456 3451
3182 3071
2928 2917
2747 2743
2714 2709
2696 2639
2427 2424
1765 1758
685 681
78018 77941
75060 75011
76508 76463
72956 72915
75830 75724
72568 72535
72714 72684
70928 70915
70904 70896
70627 70606
69775 69698
69798 69782
66843 66831
63976 63940
63897 63893
63591 63480
62865 62826
62683 62681
62463 62377
60168 60156
58659 58640
59625 59585
56844 56757
55619 55448
55017 54954
54910 54904
54046 54039
55203 55201
52671 52661
50801 50714
52450 52412
49718 49714
47942 47864
46447 46438
46041 45929
43894 43843
41449 41372
41268 41251
39994 39958
38913 38825
37809 37799
36409 36379
37344 37303
34069 34035
30058 29967
28404 28339
27558 27552
27445 27441
27335 27316
27115 27094
25315 25288
22444 22417
20166 20139
22291 21962
20443 20431
20420 20414
18966 18946
17354 17328
16632 16625
16543 16542
16215 16212
15076 15048
14574 14563
12128 12064
12492 12421
13630 13628
14206 14033
11789 11739
11692 11647
10867 10857
10608 10607
9924 9905
9829 9780
8128 8064
7505 7426
6548 6521
6900 6863
5407 5353
5280 5269
4638 4613
3943 3907
3755 3748
1104 1052
79850 79845
79513 79464
79573 79572
79454 79429
79051 79000
78500 78489
78439 78399
78328 78319
78174 78171
77663 77590
77169 77147
77759 77720
77295 77265
77314 77306
77114 77091
76952 76900
76809 76807
76750 76731
76203 76165
75593 75588
75534 75502
75412 75352
75348 75346
75182 75172
74928 74925
74812 74810
74725 74690
74598 74593
74156 74143
74023 74018
73925 73908
73884 73860
73820 73802
73784 73771
73639 73619
73565 73564
73103 73074
73036 73035
72812 72798
72729 72685
72980 72974
72520 72475
72422 72389
72332 72323
72173 72163
72149 72134
71993 71991
71908 71887
71834 71827
71541 71535
71474 71462
71532 71498
71359 71330
71187 71177
70893 70878
70666 70638
70798 70745
70629 70617
70331 70295
70243 70191
70067 70032
69945 69936
69535 69488
69354 69351
69430 69376
69348 69335
69180 69174
69152 69140
69130 69101
68826 68818
68584 68574
68553 68552
68169 68162
67943 67929
68072 68071
67752 67739
67180 67165
67114 67094
66958 66942
66925 66852
66712 66691
66796 66793
65720 65696
65632 65624
65179 65173
64693 64672
64591 64530
64205 64198
64158 64145
63978 63941
63669 63644
63603 63601
63730 63704
63107 63076
62931 62897
62864 62846
62707 62677
62950 62939
62585 62575
62495 62479
62350 62341
62404 62401
62337 62325
62199 62193
62226 62215
62182 62173
61944 61919
61616 61589
61653 61640
61557 61555
61264 61117
61046 61037
60551 60516
60982 60973
60064 60061
59861 59856
59802 59801
59678 59668
59171 59162
59310 59268
59161 59143
58991 58990
58892 58883
58546 58530
58194 58192
58088 58074
58038 58005
57856 57789
57899 57892
57560 57541
57775 57737
57786 57776
57121 57120
56856 56833
56792 56773
56565 56549
56360 56349
56346 56299
55983 55964
56051 56005
55238 55206
55309 55307
54472 54469
54598 54478
54674 54661
54466 54446
54325 54290
54354 54346
53629 53622
53532 53501
53451 53449
53240 53232
53208 53194
53164 53126
53119 53093
53435 53396
52480 52456
52212 52197
52768 52759
52104 52092
51777 51753
52005 51972
51653 51652
51616 51595
51498 51451
51015 50962
50753 50749
50532 50505
50953 50941
50894 50891
50440 50415
50384 50364
50203 50195
50024 50018
49955 49915
49897 49885
49737 49726
49610 49607
49566 49540
49530 49496
49157 49154
49110 49104
48617 48591
48229 48225
48112 48105
47774 47729
47396 47344
46910 46865
47202 47180
47598 47564
46709 46655
46576 46574
46414 46353
45764 45762
45894 45883
45464 45448
44695 44688
44659 44636
44557 44549
44492 44482
44594 44572
44385 44367
44266 44256
43960 43959
44151 44136
43930 43916
43889 43871
43564 43535
43029 43025
42908 42884
43301 43269
42823 42780
42720 42702
42215 42172
42534 42519
42165 42160
42032 41976
41925 41879
41735 41726
41719 41712
41870 41864
41467 41451
41321 41294
41065 41064
40881 40825
39936 39928
39371 39370
39365 39330
39308 39306
39040 39026
38868 38846
38675 38670
38840 38839
38504 38465
38324 38311
38242 38193
38050 38010
37921 37796
37737 37706
37608 37604
37592 37515
37498 37497
37159 37103
37453 37412
37038 37008
36922 36917
36673 36663
36774 36756
36631 36603
36069 36040
36521 36509
35922 35894
35816 35787
35613 35586
35530 35523
35378 35356
35209 35193
34794 34782
34505 34497
34408 34368
34347 34329
33902 33891
33913 33909
33684 33679
33265 33239
33233 33208
33182 33170
33094 33070
32724 32720
33028 32955
32194 32184
32117 32055
31751 31746
31354 31352
31075 31073
31215 31211
30544 30530
30528 30503
29468 29428
30242 30211
29955 29931
29872 29849
29413 29393
29276 29259
29217 29199
29189 29166
28758 28756
28997 28978
28743 28719
28515 28435
28105 28096
27633 27631
27305 27291
27151 27141
27448 27425
27956 27851
26885 26839
26774 26754
27031 27018
26677 26661
26634 26597
25906 25894
26136 26117
24992 24962
24710 24649
24592 24583
24464 24432
24410 24398
24194 24191
23968 23881
23837 23826
23783 23777
23559 23544
23450 23446
23319 23294
22227 22223
21965 21960
22711 22685
21894 21885
21661 21595
21134 21125
20686 20685
20380 20321
20406 20404
20421 20418
20250 20237
20099 20045
19989 19988
20142 20133
20036 20033
19330 19327
19101 19064
18908 18876
18524 18501
18440 18425
18811 18769
18170 18169
18209 18201
18136 18132
17497 17494
17175 17145
16584 16568
16128 16097
