7854
5502 5490
5215 5211
2902 2896
7472 7465
4948 4938
6706 6676
9168 9147
4019 4018
6138 6128
6495 6486
8884 8835
5303 5246
7056 7010
7197 7155
7067 7065
7759 7755
7148 7132
5991 5964
2373 2343
7613 7575
7095 7092
11203 11198
8246 8241
5630 5620
9277 9272
8702 8667
8653 8646
9737 9719
8471 8460
5534 5516
6384 6322
10208 10186
9926 9879
10442 10436
8036 8022
8620 8599
9493 9471
8889 8887
11414 11392
10909 10902
7446 7381
9325 9323
8210 8208
7797 7795
9194 9170
8707 8706
10550 10530
5748 5747
10979 10963
7859 7835
9019 8958
10182 10181
10154 10115
11906 11879
12246 12219
10879 10873
9321 9309
12507 12506
13070 13046
12294 12279
12963 12951
9754 9749
13444 13443
12116 12109
12633 12631
13664 13652
13929 13922
9435 9391
10942 10920
17126 17112
17080 17051
12179 12176
10519 10499
11036 11021
11559 11536
10743 10737
14676 14651
16589 16583
15913 15886
13188 13176
17894 17823
16120 16084
15571 15536
15812 15811
14360 14351
16577 16569
13457 13455
13190 13189
13336 13328
14960 14935
12800 12791
18232 18225
14409 14402
14330 14304
15336 15325
16775 16740
16900 16865
13491 13470
14862 14861
16457 16399
16582 16581
17363 17349
19634 19615
16658 16607
18137 18134
14707 14706
18100 18094
18365 18357
18090 18063
19466 19458
20379 20342
17761 17741
16844 16836
21160 21152
20454 20435
19909 19895
21403 21402
21056 21045
19255 19249
20768 20745
18250 18236
19214 19202
19379 19344
18340 18339
19542 19529
18563 18547
18570 18569
20739 20733
20725 20716
22762 22735
18738 18714
20172 20160
19195 19191
23077 22985
21042 20993
23910 23880
21521 21495
22532 22491
24354 24353
22590 22588
23768 23765
25548 25467
23162 23159
22849 22838
24143 24116
26361 26351
19956 19948
21762 21760
24604 24591
21811 21807
22385 22383
23596 23584
22728 22717
22643 22619
23842 23813
26434 26428
22732 22731
23410 23378
23370 23358
21493 21473
22927 22907
24693 24676
25203 25165
27258 27165
19508 19497
23333 23314
22334 22304
21757 21742
28174 28169
28232 28180
27988 27983
26122 26116
25587 25566
25407 25402
24948 24900
28289 28278
29782 29778
30040 30034
28717 28690
29045 29013
29586 29574
25361 25360
32013 32004
29564 29526
29863 29862
29105 29104
25131 25105
30032 30003
29674 29642
28606 28582
30703 30697
32474 32466
30307 30259
29264 29256
29507 29486
31962 31940
32397 32368
32814 32808
30855 30816
31787 31728
33320 33312
33645 33642
34326 34314
32548 32539
34391 34355
33403 33399
32500 32495
34261 34252
33949 33945
33599 33596
33295 33289
34194 34157
33649 33647
32702 32694
35870 35832
38402 38316
35290 35288
38245 38205
38473 38471
36451 36449
34595 34583
36341 36334
40193 40170
36470 36454
37838 37836
35531 35528
35342 35331
41038 41005
36126 36113
36667 36662
38921 38916
38554 38545
38904 38889
39816 39804
38055 37999
37129 37126
38926 38924
35120 35065
40265 40262
37215 37214
35916 35877
37391 37363
41107 41100
39360 39354
46164 46137
42932 42928
43717 43715
42189 42182
43298 43273
45259 45253
44143 44133
41532 41517
42848 42827
42577 42567
45016 44992
44782 44757
44913 44870
45322 45317
45309 45296
45343 45335
45468 45458
45159 45155
46403 46375
45888 45871
45700 45693
43574 43539
47262 47258
45536 45478
44316 44270
45331 45323
46517 46515
45931 45928
50230 50223
50783 50777
53465 53408
51460 51454
51905 51886
48808 48787
50770 50698
49652 49647
49857 49794
50368 50363
50410 50405
51016 51000
49062 49059
49073 49064
50547 50525
51119 51076
54471 54468
52490 52464
51885 51868
52030 52027
52224 52216
53506 53475
52129 52084
52438 52424
54876 54781
55043 54951
53149 53136
54295 54276
52959 52942
57318 57253
56701 56688
56162 56154
57000 56991
54178 54055
53221 53211
56217 56182
55251 55227
55773 55764
57923 57904
55525 55522
53199 53170
56525 56494
56434 56430
55970 55953
57356 57345
57677 57595
57594 57577
54376 54349
59210 59204
59179 59169
61534 61491
60963 60962
60405 60387
61986 61974
58321 58306
61752 61729
59621 59552
64523 64484
61964 61945
60931 60915
60379 60357
65987 65977
60571 60537
60534 60492
59795 59761
56882 56877
61726 61713
62378 62356
60150 60139
58677 58655
63486 63466
64365 64353
60816 60773
62878 62848
64450 64441
64297 64293
62410 62398
62064 62031
64998 64967
59920 59867
63836 63831
70698 70631
65513 65479
64235 64227
65080 65073
64210 64202
63824 63812
66458 66438
60996 60988
63536 63521
65433 65389
67913 67862
65046 65037
67380 67350
65368 65343
64651 64646
65723 65714
66031 65990
64867 64854
64637 64636
65777 65747
67270 67263
67541 67522
67494 67483
65616 65603
67338 67288
68758 68751
68555 68545
68464 68442
70298 70260
69097 69073
68350 68344
68126 68108
67256 67253
67080 67040
68817 68809
69417 69406
68984 68982
66523 66482
68595 68593
73923 73922
74524 74505
74889 74886
73812 73786
75582 75577
72872 72859
72288 72264
76796 76738
74814 74795
74872 74830
75164 75155
74775 74768
73377 73358
75278 75237
74491 74479
74161 74139
77396 77383
78840 78837
76537 76505
71456 71439
75585 75584
78790 78751
78121 78084
76208 76188
76657 76650
79410 79398
76424 76423
2235 2230
3075 3048
79708 79697
77940 77917
5632 5622
6902 6901
4348 4324
77860 77853
4359 4355
77973 77962
16195 16161
79959 79955
34493 34456
27423 27387
36768 36762
28083 28071
44237 44215
24602 24579
37818 37807
26731 26728
31132 31131
34731 34720
42004 41950
28392 28316
36376 36374
37915 37906
34911 34892
36175 36168
42404 42395
35654 35641
33184 33161
43812 43802
37245 37180
35028 35024
38478 38472
38091 38077
44314 44291
55424 55388
31615 31592
49407 49382
40197 40178
42381 42362
46898 46894
42811 42760
49087 49053
46598 46580
21667 21625
52088 52034
43465 43401
53745 53735
52537 52534
47748 47739
61048 61042
51097 51094
56353 56327
60285 60278
64190 64175
57613 57604
58017 58011
68354 68347
68869 68841
57987 57986
64744 64742
58563 58561
65420 65383
65907 65894
9329 9326
58804 58790
73844 73804
76468 76457
70862 70843
73191 73162
67412 67411
77522 77465
68977 68962
1596 1594
76205 76186
76718 76710
77320 77319
37474 37462
31140 31135
464 455
8435 8427
72620 72609
79367 79327
3924 3912
75965 75959
78961 78887
6243 6237
1555 1491
4373 4338
45998 45951
10000 9949
7931 7914
3899 3895
4889 4854
8442 8441
10100 10058
11471 11466
6670 6666
6630 6611
6717 6714
6193 6176
12588 12553
12459 12452
12048 12041
11875 11787
12252 12247
12636 12634
11634 11615
12010 12006
13362 13338
11427 11416
9682 9675
13302 13299
13467 13463
16240 16226
14732 14713
12949 12948
15262 15228
18951 18921
14841 14840
17491 17484
15217 15216
16469 16466
19331 19325
20069 20058
13547 13529
22586 22580
18796 18790
15687 15682
19152 19151
23655 23618
24712 24697
22446 22442
23877 23866
28785 28765
25561 25549
22173 22137
29624 29600
26106 26097
25278 25267
23789 23769
22097 22073
28902 28896
30257 30256
26321 26315
30329 30313
27626 27585
32592 32580
29178 29169
28417 28408
29238 29237
28629 28627
30131 30102
31865 31861
31328 31307
29307 29273
29009 28996
32358 32349
36301 36209
39342 39339
33959 33953
33083 33080
32968 32925
33627 33607
33929 33926
34080 34078
32657 32655
35326 35321
34058 34056
34506 34500
36417 36414
35317 35315
35041 35006
33943 33942
35992 35991
36986 36962
34455 34420
36054 36026
38505 38483
36956 36919
35306 35298
36838 36816
35287 35248
39410 39401
31696 31686
37699 37661
37351 37340
41954 41926
36647 36637
40476 40445
39351 39344
43135 43111
40424 40419
41736 41696
40083 40052
43160 43138
42060 42048
40800 40791
41254 41238
42387 42358
41165 41152
42774 42761
43688 43681
39915 39875
43371 43361
42566 42555
41571 41570
47121 47117
42812 42806
42612 42590
45950 45936
45410 45376
47802 47786
44819 44799
47048 47045
44716 44701
48898 48880
45291 45274
45861 45822
47895 47893
47836 47804
45606 45591
48154 48140
48245 48233
51181 51176
49873 49870
48288 48260
49176 49132
47735 47721
46284 46278
49111 49103
51575 51571
48170 48155
47934 47933
50254 50251
47149 47146
49943 49929
49406 49405
51474 51462
52762 52760
50417 50416
52067 52051
51053 51042
52561 52518
51635 51624
49308 49291
49287 49274
55934 55914
58065 58049
52516 52514
52395 52392
49627 49626
55314 55287
53239 53230
55125 55117
56838 56813
53113 53110
57228 57191
56133 56131
58600 58582
62790 62780
58495 58488
56376 56370
59040 59035
56365 56328
62256 62232
59392 59365
59421 59400
60039 60029
61338 61289
59503 59494
58921 58907
61450 61442
61044 61035
61784 61768
62153 62131
62481 62450
60951 60946
57940 57933
68314 68268
70104 70085
68415 68399
65629 65625
72550 72543
68718 68706
68689 68629
66299 66266
71996 71992
71604 71595
72434 72424
70787 70756
73851 73835
70212 70206
73779 73740
69808 69780
71545 71526
73448 73432
75140 75122
71203 71182
78370 78353
75381 75355
74728 74701
74097 74091
74234 74190
73875 73854
72725 72719
4405 4368
73534 73515
70020 69981
75603 75594
76249 76209
75963 75949
73170 73159
2419 2402
1332 1298
78630 78613
5745 5738
628 625
77483 77441
3305 3276
2765 2741
7112 7083
3507 3506
117 99
3128 3124
79896 79861
9640 9579
9536 9501
8778 8771
8549 8537
9831 9823
9913 9911
9756 9753
11578 11558
9299 9297
13098 13096
11037 11018
11183 11179
9023 9022
11089 11060
11298 11267
13715 13676
12608 12590
11765 11707
12843 12833
10748 10734
14320 14312
12374 12354
15347 15344
10009 9962
13591 13586
14062 14030
13875 13848
10898 10871
12785 12766
10321 10316
13827 13819
14575 14539
12910 12885
14195 14167
14124 14093
13011 12991
16383 16353
13205 13178
17668 17651
18017 17998
14449 14441
15786 15765
15506 15475
18799 18797
16446 16410
13846 13845
17018 16969
16290 16262
17588 17575
16312 16299
18770 18717
13939 13931
18096 18062
17710 17705
18258 18255
18405 18396
18421 18415
18793 18785
21384 21373
15865 15863
17519 17509
18562 18553
19933 19916
17085 17084
16475 16448
19380 19352
18658 18656
16614 16612
20131 20118
19313 19299
20269 20262
19680 19673
19289 19284
20225 20223
20664 20631
19351 19337
21108 21072
21421 21409
17379 17360
22435 22422
19698 19685
17701 17681
21913 21893
21823 21819
19671 19670
20362 20293
23332 23296
21557 21554
21206 21191
20727 20676
27255 27238
29280 29246
27672 27622
27374 27317
27535 27513
32054 32034
32148 32078
27694 27676
27777 27769
32415 32381
30421 30384
28825 28805
27724 27719
29658 29654
29348 29341
28425 28409
33132 33109
30749 30708
28614 28609
32245 32182
32308 32271
32597 32588
34086 34065
34370 34365
32000 31978
29362 29358
35224 35191
35706 35672
32375 32365
35137 35130
34876 34850
34803 34802
38148 38144
33191 33187
36087 36016
41010 40984
38831 38812
39708 39681
41135 41126
37872 37856
42111 42093
35933 35887
37730 37720
34698 34644
35297 35279
36691 36613
43390 43385
38610 38599
39943 39932
38354 38340
44062 44059
44458 44445
36427 36422
43000 42978
48858 48850
48845 48806
50454 50451
50142 50123
46364 46332
51303 51295
50281 50280
53175 53151
50198 50145
57453 57403
54107 54063
54592 54552
54976 54958
56126 56124
58517 58508
59351 59333
61354 61332
59509 59495
59796 59788
58631 58599
61185 61120
61683 61679
60989 60907
56512 56503
61781 61775
58503 58496
59572 59557
59919 59901
60277 60254
58258 58215
61819 61807
63227 63213
62735 62714
63010 62998
63829 63810
62766 62740
62484 62458
63877 63849
61740 61732
63372 63363
62061 62033
63510 63508
67140 67123
64524 64478
65017 65003
63550 63549
64981 64972
65753 65742
68295 68281
68153 68145
65876 65826
64342 64324
66080 66047
67772 67761
66700 66695
70321 70315
66129 66124
65130 65124
64621 64613
64722 64701
64322 64307
72119 72096
66390 66325
68429 68414
67034 67021
66954 66950
64051 63992
66430 66409
72428 72411
68134 68128
72215 72211
67249 67195
67528 67523
76991 76979
73573 73538
73699 73697
74910 74880
79154 79129
79716 79693
77426 77413
73765 73754
76062 76041
76246 76245
77742 77725
79810 79797
77410 77399
78844 78838
75500 75491
79619 79565
77084 77030
72640 72631
75050 75046
77458 77450
79944 79942
75566 75541
73145 73143
79076 79070
77965 77898
76652 76645
77844 77836
79295 79213
76688 76653
454 435
838 832
32401 32371
78365 78295
78271 78255
1381 1374
79882 79868
15146 15145
138 134
16945 16914
11435 11421
15858 15829
1995 1978
8609 8565
20513 20508
17569 17565
46720 46707
24899 24832
40033 40032
19732 19726
15504 15416
13837 13830
35955 35952
40158 40147
36552 36538
38592 38590
48491 48457
26334 26327
49012 48988
44821 44817
55624 55593
43008 42994
30138 30134
79235 79230
68237 68230
61759 61703
70758 70753
73015 73005
75103 75102
76881 76880
752 745
1056 1042
875 844
2044 2019
2370 2360
2571 2549
76929 76883
618 608
49315 49312
3794 3730
4452 4438
5363 5359
6004 5987
3640 3597
4192 4190
4015 4010
6945 6903
3493 3484
5473 5391
7919 7911
6252 6242
5605 5591
7367 7321
8112 8097
8760 8755
6752 6744
4840 4791
7932 7921
7049 7025
6157 6117
7663 7640
6816 6772
8024 8013
7822 7818
7154 7118
8256 8229
8000 7954
8067 8040
8875 8834
8530 8489
7855 7826
7450 7443
8993 8987
9952 9931
9495 9486
10282 10280
8809 8798
10185 10171
9040 9027
11048 11041
11830 11828
9086 9048
12765 12762
10227 10212
11105 11101
10812 10797
8455 8439
16151 16108
15075 15061
14613 14606
15515 15512
17820 17819
16260 16241
17228 17215
18641 18632
17171 17170
16564 16498
18060 18020
16947 16939
19028 19027
18360 18306
18716 18689
19754 19736
18932 18930
19323 19316
20736 20728
19901 19878
20618 20610
22147 22139
19480 19472
20816 20812
22115 22067
24129 24115
24011 24003
26616 26567
21837 21824
24991 24960
26675 26658
23828 23786
24522 24521
25330 25271
25408 25397
23511 23491
25122 25080
24574 24551
22128 22127
26680 26679
24709 24708
23117 23064
29080 29069
26268 26242
28436 28432
28742 28712
26443 26426
29553 29539
30859 30854
30283 30278
31745 31734
33341 33317
33410 33372
30681 30657
31127 31124
32624 32601
33625 33601
35394 35377
33439 33434
32956 32948
36562 36542
33881 33847
33052 33025
36840 36828
37710 37697
37356 37335
35492 35470
38063 38043
37966 37927
37671 37659
42300 42285
42647 42626
42826 42817
40957 40954
43771 43769
43034 43009
46039 46033
43664 43658
44904 44889
42882 42881
43944 43909
44658 44652
45145 45142
44497 44488
45267 45242
44556 44552
46432 46394
45643 45623
48392 48363
49186 49177
47081 47026
49591 49580
47315 47308
50383 50380
51843 51839
50248 50237
54542 54538
53636 53612
51617 51599
49942 49903
49555 49553
51700 51693
49052 49036
51142 51134
55266 55147
54240 54233
60208 60203
58900 58889
57691 57671
62164 62122
62259 62240
62788 62778
63612 63598
63424 63379
63449 63441
62807 62800
64123 64113
61390 61386
62547 62530
61568 61560
64168 64157
63977 63965
66466 66459
63954 63953
62659 62653
66609 66548
64596 64583
64146 64124
65082 65076
65992 65956
69459 69458
68180 68161
70540 70532
68908 68894
69108 69083
69260 69210
73982 73943
70152 70134
69295 69274
70180 70159
68710 68695
70927 70920
70058 70043
72144 72129
69570 69561
72170 72156
70900 70880
71452 71447
71262 71260
71222 71212
71762 71761
74615 74613
70823 70805
71726 71724
71134 71110
76500 76494
74548 74534
74307 74286
74714 74712
73077 73075
72356 72336
76358 76316
73347 73344
71905 71891
77771 77748
76314 76297
76536 76535
78038 78015
77124 77110
886 841
77568 77564
968 952
79392 79373
78236 78198
1501 1450
79455 79402
2146 2119
78436 78418
3349 3336
7317 7313
77716 77711
78659 78638
78987 78977
5323 5309
6173 6162
7524 7518
10891 10833
12280 12275
5400 5329
2185 2157
7831 7813
16298 16297
6790 6789
8420 8410
9707 9680
3205 3203
3034 3032
9260 9256
9572 9517
12226 12203
11045 11015
22710 22702
15774 15746
11539 11537
18249 18242
14210 14205
12046 12029
13122 13120
21444 21405
17093 17046
18469 18448
18934 18927
23805 23787
24826 24822
24249 24225
27102 27020
17979 17969
21340 21334
21842 21826
11411 11368
17526 17518
19804 19797
21360 21358
31593 31572
26521 26505
23287 23263
25638 25629
20762 20755
24650 24568
26291 26256
24073 24041
27933 27918
32087 32049
32096 32092
24202 24185
31441 31438
40397 40298
44887 44880
35909 35897
34253 34235
38667 38606
37302 37297
40705 40699
35219 35171
41112 41108
37293 37279
49463 49461
40199 40179
39854 39837
40102 40091
40737 40734
46687 46664
57258 57240
54445 54432
60248 60246
54477 54465
53846 53829
51180 51169
51633 51619
56408 56400
59641 59630
51927 51903
54901 54887
59474 59461
60001 59999
56947 56874
56674 56669
66884 66880
54586 54575
59675 59660
57130 57122
74800 74711
60533 60524
66349 66348
63421 63400
61432 61410
79368 79359
17237 17196
71164 71163
73572 73553
76101 76095
18595 18587
283 240
6380 6329
166 121
46796 46755
2198 2181
639 633
65568 65563
12264 12259
880 878
1296 1292
1485 1440
1519 1499
2092 2083
1034 1032
802 754
3035 3027
2924 2895
826 825
3548 3523
6401 6381
4098 4090
7814 7803
4754 4747
4057 4040
6080 6015
7576 7548
8720 8716
2524 2459
3584 3574
4484 4458
8746 8729
10844 10838
8189 8166
9852 9843
11478 11475
11394 11377
10777 10760
13384 13340
13919 13887
14281 14273
13672 13641
16335 16322
18861 18827
14985 14919
15717 15624
15902 15898
16107 16082
17678 17675
17485 17477
16030 16016
17097 17086
16670 16664
16780 16779
19139 19097
19225 19177
20810 20766
21369 21335
22048 22010
21987 21934
22299 22297
22784 22729
23190 23184
22558 22496
23255 23206
22490 22447
22344 22310
23009 23003
22978 22922
24938 24914
23132 23126
22365 22355
24818 24813
24162 24154
21930 21923
25455 25446
25791 25790
23965 23926
28060 27957
25269 25242
27090 27081
25678 25663
24811 24792
27830 27825
26050 26000
26085 26068
28310 28297
26202 26192
28710 28681
27951 27936
28132 28113
28505 28499
29538 29537
29691 29688
30012 29979
27789 27784
27921 27916
29813 29790
30044 30041
29895 29892
29164 29162
32678 32672
31037 31021
31191 31185
34044 34037
31242 31213
32072 32059
31095 31067
34442 34428
32337 32318
32843 32803
31210 31206
32032 32024
33302 33290
33107 33082
35454 35428
33158 33145
32544 32447
33830 33772
33237 33210
33506 33501
34248 34242
36760 36755
39771 39745
41651 41648
40681 40612
38329 38326
41830 41798
39646 39625
40126 40081
39169 39168
38102 38093
38229 38228
40167 40159
39978 39957
42532 42514
42559 42552
45085 45071
41903 41872
42832 42831
43600 43595
42502 42491
44776 44741
45319 45310
44009 44000
45238 45228
44735 44685
43879 43870
44101 44091
44818 44792
45715 45685
43792 43775
44962 44943
46538 46526
45201 45152
50939 50938
47453 47446
49778 49766
45403 45357
47422 47402
49814 49789
47020 47017
45524 45494
45610 45566
46937 46914
51348 51341
51286 51246
47386 47350
47962 47948
46795 46753
46987 46965
49275 49250
51893 51875
49683 49672
48360 48335
48550 48549
48334 48333
56731 56727
49149 49131
51747 51745
52822 52808
56835 56831
52022 51985
50353 50340
53143 53141
53894 53867
49105 49090
52284 52268
54708 54694
53277 53266
54026 54020
54531 54525
53034 53013
53296 53294
53347 53340
55924 55918
59090 59088
56110 56095
57891 57818
56279 56264
53733 53702
53447 53433
60092 60075
57208 57181
56806 56797
55076 55070
59989 59968
60654 60649
59656 59655
61719 61700
65048 65042
61646 61644
64680 64677
62403 62396
62013 62010
65480 65444
63794 63791
62832 62813
60812 60784
62873 62855
64401 64395
61747 61744
61774 61772
65587 65550
61585 61572
63929 63922
63986 63980
65228 65182
63029 63024
63526 63524
65495 65493
63305 63302
63698 63684
66122 66106
66098 66089
66251 66208
66294 66269
68527 68469
66990 66971
69329 69308
67820 67788
69426 69415
67660 67633
67521 67501
67902 67826
67991 67965
68890 68889
68186 68183
69924 69867
67179 67148
74026 73987
70187 70186
74922 74911
76851 76814
72433 72429
75105 75061
72247 72243
76166 76089
77226 77192
74384 74382
74865 74835
74741 74722
73338 73312
75126 75110
75057 75051
78054 78052
76611 76604
539 534
79931 79906
1000 981
2052 2047
326 290
78815 78794
1575 1537
61 47
79990 79975
1789 1779
78413 78397
2482 2477
195 145
3689 3654
78746 78710
920 903
400 394
658 617
1449 1439
5277 5271
6498 6474
5300 5295
7241 7167
4186 4128
5602 5599
8333 8254
7003 6987
8960 8950
7076 7008
6709 6667
7370 7363
7884 7875
7854 7836
8563 8555
11719 11670
10125 10104
12025 12009
12086 12081
12930 12860
11926 11917
13502 13487
17416 17412
12663 12630
16908 16899
13810 13776
13874 13865
13677 13596
15387 15386
15257 15230
14553 14452
16659 16626
15158 15154
18892 18889
20989 20912
16029 15985
15861 15860
15970 15946
17707 17697
16986 16954
18234 18119
20329 20221
20803 20777
20506 20446
20576 20526
19550 19534
19782 19750
19522 19513
21631 21630
21797 21786
21217 21197
23964 23951
21980 21910
23041 22992
23195 23188
23175 23144
24707 24690
23648 23605
25830 25825
28138 28110
26030 26005
25555 25552
28090 28065
25395 25380
25468 25441
26172 26128
25216 25174
28856 28848
29392 29378
29510 29487
28308 28273
26972 26923
26249 26213
29983 29956
29483 29473
29891 29868
29710 29649
31149 31145
30057 30007
31300 31298
30548 30547
33433 33371
31762 31711
30342 30340
31268 31243
36588 36586
34480 34443
35742 35734
36709 36657
37876 37865
36107 36100
37653 37622
34947 34940
34844 34833
36445 36424
37602 37586
37080 37073
35118 35107
36241 36222
38200 38177
37951 37910
39329 39324
37825 37820
37967 37953
37165 37160
35278 35273
39589 39571
37274 37248
38027 38011
39533 39507
38773 38732
38900 38895
39228 39146
39773 39680
40579 40571
41401 41378
41857 41838
40879 40875
41888 41873
41937 41935
40687 40685
42323 42257
42255 42245
40539 40524
43266 43223
41674 41670
41761 41738
43221 43212
43063 43039
42955 42935
40864 40860
41983 41966
43902 43856
45321 45288
42217 42155
46989 46979
45244 45241
45278 45264
45425 45424
45423 45391
44744 44738
43635 43560
45565 45539
46864 46861
46905 46896
47876 47865
47939 47936
46264 46263
48332 48318
46475 46452
48566 48536
49691 49690
46935 46921
53401 53381
47537 47514
49428 49426
48040 48035
50466 50403
47176 47165
49093 49083
49602 49599
50390 50386
49658 49618
50088 50057
46331 46326
51614 51608
58043 58042
57606 57605
57842 57833
54567 54554
59514 59505
55369 55366
59793 59716
55705 55647
59820 59817
55337 55313
57162 57151
56366 56339
57947 57934
62247 62242
59915 59873
58243 58216
60443 60422
64555 64487
58820 58795
60103 60091
61043 61040
60830 60827
65455 65441
64650 64609
66334 66300
61961 61933
67308 67265
64065 63994
61011 60918
61984 61977
68371 68338
63058 63057
63767 63731
62543 62532
63513 63469
61379 61365
67201 67199
63923 63888
66711 66646
64857 64793
68095 68061
67982 67970
66038 66023
70652 70612
69486 69478
68201 68177
70566 70554
69149 69129
70901 70899
71785 71780
69865 69861
72343 72275
71492 71467
69336 69326
70189 70173
74676 74628
75690 75680
75562 75552
69958 69955
73661 73659
70019 70011
72622 72561
73640 73634
72481 72391
73803 73778
75031 75010
73679 73675
73883 73868
75456 75432
74135 74102
71256 71246
74414 74400
75902 75861
73506 73495
77204 77188
79195 79173
76524 76518
76681 76640
75041 75035
74371 74285
75819 75815
73657 73654
74705 74678
75400 75378
76961 76941
74437 74424
75947 75938
76783 76764
79438 79394
78753 78732
78086 78074
77276 77274
78358 78341
6373 6347
3259 3257
78195 78183
9765 9761
12586 12528
7651 7639
4497 4495
2060 2006
4878 4784
19149 19141
25524 25493
21982 21973
31208 31118
20545 20498
19361 19356
30691 30670
30731 30723
29107 29050
31996 31995
37184 37166
34666 34602
50785 50779
57489 57485
36467 36455
48211 48183
39667 39656
45226 45213
47992 47983
68609 68608
47812 47779
52338 52328
56483 56479
53377 53353
69571 69539
63905 63865
54429 54428
60273 60272
1812 1797
56163 56142
53708 53701
58624 58610
70923 70910
17602 17543
68932 68920
73696 73691
75213 75203
73858 73828
63345 63337
67549 67518
55907 55904
79425 79423
275 259
1649 1640
78079 78078
14 11
560 542
78224 78179
1607 1597
1372 1338
578 566
1633 1626
1092 1085
948 936
2259 2218
3295 3275
2693 2674
1862 1850
1834 1829
3144 3138
2026 2020
2867 2852
3947 3944
3414 3404
3009 2974
4786 4773
4240 4209
4641 4584
3631 3622
3487 3477
6076 6039
4124 4112
5307 5302
4944 4936
6424 6378
5968 5916
6276 6208
5057 5054
6938 6915
5222 5203
6350 6340
6448 6425
8110 8105
7805 7786
11498 11495
9098 9067
8487 8453
7728 7714
8440 8438
8685 8639
6908 6891
11945 11940
10065 10027
10782 10747
11312 11266
10216 10189
11575 11556
12407 12400
11553 11542
14440 14411
12250 12229
12397 12379
14035 14032
13452 13439
13546 13524
17042 17027
13394 13368
16104 16090
14652 14650
16804 16793
18113 18065
17330 17177
16148 16136
16188 16155
16327 16325
18444 18430
17967 17942
16777 16769
16604 16578
18762 18725
17665 17578
17825 17805
17910 17907
18301 18297
18484 18471
20003 20000
18287 18282
18645 18592
18577 18568
19815 19806
20720 20715
18718 18697
19132 19129
19128 19108
18914 18904
19642 19637
19197 19180
19620 19611
19383 19372
20751 20746
20151 20006
20911 20871
20644 20587
20360 20357
20186 20158
20707 20703
21877 21873
21718 21665
23084 23069
22461 22424
22792 22781
23949 23918
22208 22178
22477 22471
24674 24652
24144 24120
23453 23428
25005 24971
25960 25915
25535 25504
27280 27268
26046 26035
28199 28198
27915 27862
28933 28929
26706 26664
26786 26740
27426 27422
28244 28209
27242 27224
29048 29044
28194 28162
28332 28318
29342 29335
29318 29291
31060 30993
28497 28485
29224 29210
29265 29230
28779 28770
30524 30514
32949 32923
30806 30759
30506 30497
29418 29417
29779 29749
31890 31889
28840 28808
34393 34392
33340 33329
32353 32329
36197 36166
34554 34551
36022 35993
37427 37408
36572 36561
37387 37370
37152 37138
38561 38511
37511 37477
38150 38137
37338 37325
37010 37009
37558 37513
37754 37751
38320 38312
38257 38246
39355 39343
37748 37739
38238 38216
38359 38323
38919 38908
37994 37970
40075 40065
39832 39775
40468 40467
38842 38830
39008 39005
40088 40078
39563 39551
39077 39021
40562 40557
40551 40541
40235 40227
41098 41093
40502 40480
40664 40635
40217 40212
41824 41806
40987 40968
41020 41019
40965 40934
41050 41045
41616 41587
41948 41941
41575 41559
41436 41420
44406 44359
43445 43409
42530 42501
43799 43788
45131 45118
45029 45022
44732 44721
44916 44901
44149 44097
45384 45349
46626 46583
48096 48081
46161 46157
45661 45634
45930 45926
49351 49345
52234 52147
50171 50165
49991 49951
52090 52086
50738 50735
50857 50846
52100 52099
50151 50143
53481 53476
52120 52118
50402 50392
51218 51193
52040 52018
51108 51084
53273 53272
54820 54775
54280 54274
54547 54545
52960 52936
52980 52977
56268 56267
56629 56627
57993 57978
56703 56680
57522 57495
58389 58377
57063 57041
56323 56320
56819 56818
58558 58526
57396 57309
56751 56722
56796 56767
57628 57619
57793 57752
58515 58497
58460 58435
58256 58250
58159 58155
58667 58647
57587 57549
57969 57964
57814 57807
58981 58978
59166 59153
59450 59417
57893 57881
60020 60006
59304 59261
58606 58601
60195 60166
58771 58758
60404 60390
59624 59584
59358 59353
60757 60745
60283 60261
61913 61869
61834 61826
63451 63426
64890 64862
64312 64285
62911 62899
64442 64434
63653 63611
64917 64891
65798 65785
63215 63214
63386 63365
65316 65275
66428 66427
65730 65717
70536 70499
69172 69160
70276 70264
70434 70421
71189 71184
70257 70253
71663 71655
71454 71441
70898 70864
71516 71511
71624 71622
71415 71394
71945 71942
72764 72747
71118 71114
73536 73512
73606 73595
77620 77547
77009 76997
73379 73303
72911 72883
75280 75255
75228 75119
76377 76367
75962 75954
75495 75476
75849 75820
76425 76421
76458 76456
76232 76164
76299 76281
76334 76323
76447 76429
75460 75459
76491 76480
76562 76560
77811 77806
77260 77250
77542 77478
78607 78596
78065 77992
79348 79330
77236 77221
77683 77642
78272 78221
78871 78818
79220 79214
7330 7324
2316 2305
7829 7787
5189 5185
4354 4347
5321 5315
11804 11730
1049 1036
5947 5853
9339 9334
547 537
4942 4929
5431 5429
6632 6612
9815 9811
10517 10493
14372 14345
14477 14472
20551 20549
21381 21319
16234 16225
17880 17875
17766 17750
17936 17885
20948 20932
19917 19900
19050 19020
27341 27326
24166 24158
20004 19994
22987 22962
23664 23654
15319 15317
24559 24546
25123 25121
23990 23982
23390 23376
27608 27586
30085 30053
29675 29648
25112 25095
28201 28124
31622 31611
31921 31892
32373 32332
34730 34690
32903 32898
28226 28219
25714 25709
32282 32276
27506 27503
40946 40907
36268 36265
35982 35965
39561 39493
40892 40885
41253 41249
39979 39975
40049 40034
41702 41686
35049 35047
40096 40066
47722 47708
41665 41655
36904 36803
40101 40098
40194 40152
46558 46477
38887 38884
42310 42305
48911 48908
42463 42437
54069 54009
51803 51785
55179 55165
58509 58433
54137 54076
57034 57013
67598 67595
58186 58185
68187 68176
57174 57129
64364 64334
62650 62636
65273 65252
63198 63179
66664 66661
61973 61966
64925 64897
70148 70118
68026 67992
69732 69731
67445 67418
74130 74128
73996 73989
74507 74500
68975 68952
72771 72741
71872 71853
12058 11995
32248 32207
39504 39277
56749 56685
76361 76327
77047 77015
45245 45237
32299 32280
74349 74301
30404 30119
73175 72999
1043 1030
828 780
1098 1096
1772 1754
216 200
1752 1703
4961 4952
423 405
63344 63211
111 63
482 458
2667 2621
4243 4242
4750 4717
2280 2267
4256 4254
2759 2707
2613 2612
2959 2948
5434 5430
7153 7129
5290 5283
6888 6827
7108 7104
6142 6140
6737 6736
5593 5585
6980 6965
7456 7372
12737 12732
8631 8625
9118 9108
12152 12146
8116 8115
10690 10594
9308 9306
10739 10738
5762 5730
10724 10718
8919 8906
12142 12120
6331 6318
8636 8635
11653 11602
13087 13064
8545 8532
13102 13093
10974 10932
13152 13144
12273 12268
15548 15545
14917 14881
15203 15171
14750 14668
15079 15069
14667 14658
18361 18317
17102 17095
17391 17347
19358 19318
19272 19267
18821 18781
19597 19585
18427 18424
21058 21027
21354 21347
21600 21529
23733 23723
22638 22637
22773 22756
25235 25224
23695 23694
24251 24250
25499 25475
26427 26416
24316 24315
25878 25857
24927 24910
26845 26828
27615 27611
27404 27402
26919 26918
27815 27804
29038 28935
27457 27430
28905 28903
29181 29151
26984 26977
27559 27550
27861 27858
32488 32479
29714 29711
30531 30525
27546 27523
29626 29621
30459 30430
30698 30683
29529 29521
30883 30874
30891 30885
31134 31129
32367 32363
30682 30604
31945 31925
30975 30914
31125 31121
31437 31421
36300 36295
37831 37828
35761 35744
35714 35702
39476 39457
36073 36059
37693 37657
36963 36920
41212 41200
43733 43667
41195 41129
41091 41090
43836 43822
44352 44338
42709 42691
46797 46782
47305 47302
46730 46727
51018 51010
49114 49100
47077 47076
47383 47373
47633 47610
47042 47032
50602 50598
48142 48141
49391 49388
50594 50582
50485 50474
52358 52348
54138 54112
52804 52785
52052 52050
52765 52709
53337 53314
55258 55220
53473 53459
53063 53058
54218 54203
52472 52466
52432 52373
53555 53524
55481 55478
55022 55005
55913 55903
55428 55419
56397 56392
57749 57745
57674 57664
59045 59021
59131 59116
60688 60674
59198 59168
59367 59366
61493 61492
59328 59323
59650 59643
59244 59238
66009 65924
63364 63352
64743 64741
66975 66908
68822 68777
69804 69800
67132 67081
67392 67328
67018 67016
69638 69611
71208 71205
70355 70327
69796 69770
69931 69909
69469 69425
70242 70203
71710 71685
69825 69820
71569 71559
71876 71873
71854 71844
69583 69548
71075 71052
72046 72031
72194 72174
72068 72050
72686 72660
71802 71792
73770 73718
77105 77095
74420 74416
75364 75339
73956 73932
74580 74577
72944 72941
74570 74544
78389 78368
74541 74527
75373 75368
75931 75924
76871 76784
75413 75409
79880 79834
77327 77324
76091 76058
75805 75741
78398 78395
77718 77690
77882 77856
1805 1794
79700 79692
1386 1362
651 634
78928 78882
79929 79895
1498 1448
586 568
2421 2381
1550 1536
1757 1732
2295 2207
2333 2318
943 924
1221 1207
2584 2429
7742 7693
3549 3545
3768 3760
3366 3348
3320 3306
2074 2067
4434 4412
5006 4989
4071 4043
5500 5458
5170 5168
5030 5011
5242 5198
9633 9613
6576 6525
6089 6067
5345 5341
6456 6454
6702 6701
6884 6847
8082 8079
9211 9188
9925 9907
14233 14225
14595 14568
15630 15618
14905 14896
16725 16653
16408 16376
16488 16487
15350 15341
16010 16005
16068 16025
15769 15716
17273 17272
16639 16605
16186 16179
16370 16362
18352 18327
17131 17077
17806 17804
16139 16130
19307 19258
19417 19411
19013 18980
17557 17517
19326 19319
18197 18193
19374 19363
18866 18855
19880 19837
17672 17603
21115 21114
20176 20152
21551 21540
22356 22354
24543 24532
22813 22808
21169 21165
22204 22184
26575 26571
22542 22463
23326 23321
23972 23969
24106 24079
23202 23116
25157 25147
25544 25536
23474 23456
25734 25717
25481 25419
25622 25591
26002 25985
26113 26081
26182 26159
28092 28088
26495 26482
25883 25872
26783 26775
26442 26421
27184 27156
25938 25933
27716 27701
27129 27125
28038 28027
27109 27084
27237 27236
28531 28521
26410 26343
27227 27218
28369 28363
27408 27368
26903 26898
29384 29379
30623 30619
32127 32125
31249 31229
31343 31338
31780 31768
33618 33578
30901 30870
31832 31822
31873 31856
35277 35263
33516 33508
34473 34469
32932 32922
34046 34042
34290 34280
34912 34909
35435 35424
35670 35662
35348 35325
35158 35157
35064 35059
35958 35948
40104 40103
38706 38686
39019 38927
43168 43126
39464 39444
39843 39791
42410 42382
40530 40481
41645 41619
40630 40534
39869 39868
42069 42053
41381 41365
41104 41078
41513 41509
42663 42620
42937 42921
43383 43333
44812 44811
43628 43606
43259 43240
43897 43896
43756 43743
44479 44473
47547 47515
43399 43386
43868 43851
47052 46953
46145 46138
48529 48514
49486 49471
50074 50068
49624 49613
49383 49380
51855 51831
51215 51195
52063 52007
53763 53719
57010 56998
54993 54963
59785 59784
58251 58244
60289 60274
59720 59719
60182 60108
60837 60833
59970 59865
60216 60201
60813 60810
60461 60451
60377 60349
60854 60842
60242 60217
60586 60575
60502 60481
60737 60687
61915 61914
60866 60863
61271 61267
60800 60776
62190 62188
62793 62759
60924 60911
63588 63534
62997 62991
63642 63629
63027 63003
63680 63671
64670 64666
65223 65211
65530 65516
66077 66048
70168 70153
69791 69761
70537 70505
70599 70585
72230 72216
71061 71034
72964 72958
71611 71598
71103 71073
71481 71480
71587 71583
73032 73027
75663 75633
72675 72665
72315 72313
72282 72281
72861 72835
73511 73502
73174 73173
75568 75546
75751 75747
74105 74103
77477 77417
77019 76955
76596 76569
77815 77813
78317 78315
77807 77782
78110 78091
79643 79609
79293 79291
3185 3120
3994 3970
38 79950
6860 6850
20185 20168
27049 27028
28450 28430
16479 16429
50587 50394
26741 26736
15748 15737
19196 19172
23553 23531
55311 55283
36914 36907
32355 32354
58638 58611
67625 67624
47863 47848
706 689
52791 52692
59565 59550
78743 78741
43447 43441
68335 68333
64821 64791
71263 71251
78186 78114
72514 72506
60077 60048
58403 58290
822 800
1361 1317
70854 70783
1928 1886
1204 1200
3666 3572
3829 3815
2798 2768
4125 4103
4674 4600
3211 3184
5629 5610
5644 5637
5598 5581
5527 5510
5698 5660
4765 4753
6344 6332
5768 5750
7781 7780
6756 6710
7520 7515
7385 7337
11195 11143
8242 8230
9057 9044
9514 9467
9570 9554
10710 10702
10096 10038
10461 10425
10184 10130
12082 12033
12779 12730
12307 12286
12014 11908
14849 14834
15577 15557
14509 14495
14081 14072
16824 16820
17788 17768
15918 15871
16584 16568
19123 19119
18209 18201
20142 20133
19989 19988
18524 18501
18275 18233
18386 18363
20665 20658
19582 19541
19165 19153
20380 20321
20099 20045
21091 21071
21275 21270
19330 19327
20250 20237
20686 20685
21661 21595
21894 21885
21965 21960
21523 21511
21216 21186
22949 22844
22227 22223
22761 22713
21874 21847
25089 25045
23319 23294
23968 23881
24992 24962
27305 27291
26945 26922
27633 27631
29955 29931
29872 29849
29413 29393
31075 31073
29468 29428
31354 31352
30544 30530
31506 31460
30528 30503
31215 31211
32717 32651
32724 32720
32052 32028
31731 31698
32194 32184
32769 32727
31455 31372
32555 32455
33913 33909
33028 32955
34408 34368
33182 33170
33233 33208
32117 32055
33684 33679
34347 34329
36069 36040
33265 33239
35209 35193
33094 33070
35285 35281
35530 35523
37498 37497
36521 36509
36774 36756
35816 35787
35412 35409
36631 36603
35922 35894
36021 35999
36723 36722
37921 37796
37592 37515
37608 37604
38324 38311
37159 37103
37453 37412
37038 37008
38242 38193
39936 39928
41467 41451
40881 40825
41719 41712
41870 41864
41065 41064
42363 42326
42215 42172
40669 40657
42534 42519
43104 43089
44084 44004
43483 43457
43960 43959
43564 43535
43677 43654
44266 44256
43029 43025
43930 43916
47202 47180
46709 46655
45764 45762
47396 47344
45464 45448
46910 46865
46566 46564
49110 49104
47826 47818
48322 48254
48068 48020
47774 47729
48112 48105
49157 49154
48617 48591
49530 49496
49897 49885
50532 50505
49737 49726
49566 49540
52089 52065
51015 50962
52104 52092
52768 52759
51653 51652
50953 50941
54598 54478
54354 54346
54325 54290
53451 53449
54780 54756
54674 54661
54466 54446
56271 56176
55309 55307
56360 56349
57961 57958
56792 56773
57665 57627
58038 58005
57259 57199
57121 57120
57786 57776
58101 58092
58546 58530
59161 59143
58657 58643
58991 58990
59802 59801
62404 62401
60570 60560
61557 61555
61264 61117
61653 61640
61616 61589
62080 62036
62707 62677
62950 62939
63446 63376
63978 63941
65179 65173
65632 65624
66925 66852
64158 64145
65720 65696
64591 64530
64693 64672
66796 66793
68584 68574
66958 66942
66712 66691
68553 68552
67114 67094
68075 68074
67180 67165
68169 68162
69152 69140
69945 69936
70579 70546
69535 69488
69354 69351
70331 70295
71474 71462
70629 70617
70666 70638
70893 70878
71359 71330
71187 71177
71532 71498
71691 71681
71774 71756
72729 72685
71541 71535
71993 71991
72149 72134
72271 72237
72321 72319
74598 74593
74812 74810
76292 76283
78088 78076
76952 76900
76001 75969
77088 77058
76750 76731
77833 77821
77663 77590
78174 78171
1104 1052
79513 79464
77295 77265
78500 78489
79051 79000
79454 79429
79573 79572
77876 77848
79707 79691
78776 78721
1737 1678
7505 7426
6548 6521
3943 3907
8128 8064
5280 5269
9829 9780
12492 12421
9924 9905
10608 10607
10867 10857
14574 14563
16632 16625
15076 15048
11789 11739
15491 15448
14206 14033
16215 16212
16543 16542
15032 14977
13630 13628
18966 18946
20166 20139
17861 17732
18179 18117
21417 21332
19693 19546
14927 14893
22444 22417
25315 25288
20420 20414
27335 27316
28404 28339
27115 27094
29910 29900
29046 28947
27445 27441
22673 22502
33334 33194
36105 35983
35481 35443
36409 36379
37809 37799
38913 38825
37344 37303
41268 41251
46447 46438
32334 32331
39994 39958
46041 45929
65815 65689
72956 72915
72568 72535
75830 75724
67033 67004
69622 69598
76508 76463
75060 75011
2747 2743
2696 2639
4135 4132
3849 3836
2714 2709
5817 5773
3025 3017
7531 7523
6794 6783
8388 8373
11541 11504
10485 10471
9355 9342
11571 11554
11642 11641
11697 11695
12935 12915
16909 16885
13535 13526
15791 15775
15665 15660
15813 15807
16963 16920
22004 21990
21784 21703
23637 23631
24902 24805
23846 23845
24949 24943
26246 26204
24317 24287
27808 27801
26468 26462
27365 27356
29158 29148
26690 26687
30757 30732
28847 28775
29345 29326
31275 31264
31961 31950
33779 33777
31557 31526
32432 32419
32570 32561
32258 32254
34273 34262
34211 34208
37236 37207
34241 34234
34251 34247
34054 34047
37239 37237
35574 35546
35483 35468
40150 40144
38740 38733
39188 39185
39166 39165
38538 38510
39299 39282
41221 41187
39179 39173
41508 41505
41586 41583
41361 41330
41599 41597
42296 42286
42733 42727
43076 43042
44333 44323
44631 44598
43233 43230
45211 45167
46212 46183
45940 45939
45519 45502
45092 45065
46634 46627
48498 48484
47894 47879
47483 47470
48135 48119
50728 50708
52241 52220
50121 50105
50624 50622
49203 49201
54418 54392
53673 53644
55498 55439
55668 55660
54717 54689
52995 52971
55397 55392
55562 55513
54224 54211
56445 56363
55902 55859
55789 55724
58156 58119
60660 60641
59492 59475
60437 60427
60770 60768
59773 59727
58825 58824
62092 62086
64261 64219
62034 62028
62603 62600
63225 63209
64885 64702
63798 63780
62534 62514
69263 69203
65978 65928
65153 65129
67689 67685
66253 66244
65766 65755
68993 68985
68103 68086
68420 68349
71265 71232
71305 71273
69334 69296
69681 69581
69905 69902
70474 70472
70943 70939
73273 73248
73403 73385
72036 72033
71437 71374
72644 72528
78610 78541
71934 71910
74655 74626
73581 73579
78905 78872
75309 75284
74352 74335
78788 78786
74405 74363
949 891
1141 1128
97 74
79080 79058
150 149
6099 6083
1342 1170
320 306
2174 2108
2903 2886
3866 3843
3533 3516
5324 5292
6351 6319
8670 8614
7419 7408
8363 8304
10745 10744
10405 10331
10279 10172
12857 12813
13483 13465
10715 10675
13851 13789
14352 14259
14848 14829
12385 12382
14661 14604
15337 15289
14726 14702
20115 20102
16113 16094
17275 17246
14764 14741
19245 19240
14871 14856
24573 24558
24852 24778
21084 21019
27637 27613
27428 27411
26514 26472
28231 28153
27278 27272
29791 29775
29607 29527
33458 33339
30107 30083
31111 31062
33806 33486
31985 31964
32853 32847
35518 35513
35200 35199
37502 37456
35136 35052
40436 40409
39599 39591
40514 40454
44138 44085
42482 42462
44300 44217
44158 44145
45731 45708
49609 49600
48336 48257
48588 48551
51941 51867
47833 47754
52172 52107
51740 51690
53650 53592
52836 52794
54007 53865
54506 54463
55901 55807
56157 56067
56347 56306
56017 55990
58604 58547
58471 58415
59914 59897
59690 59646
60428 60180
61170 61041
60705 60613
63122 63117
66340 66339
61300 61182
66241 66163
68803 68680
68129 68118
66528 66436
67298 67230
65887 65886
67980 67937
69424 69355
66821 66694
67345 67336
69352 69318
69225 69191
77366 77268
76461 76399
78502 78493
79822 79796
6835 6798
77149 77099
77869 77838
79032 78984
295 220
2657 2631
3722 3647
4041 4029
4967 4921
4855 4831
5265 5253
9320 9303
9293 9235
9679 9649
16521 16497
18457 18442
18809 18767
16795 16697
20757 20721
18345 18218
20954 20924
20363 20206
21916 21831
23520 23425
23232 23153
23137 23060
23310 23243
24364 24362
24234 24180
24149 24119
24097 24086
24990 24973
24301 24294
26863 26746
26649 26586
27204 27157
27540 27465
26913 26871
27691 27668
28585 28519
27021 27015
27788 27771
27283 27282
31667 31624
31448 31395
31920 31915
32145 32130
32759 32660
31827 31804
34232 34217
34322 34292
35575 35552
38263 38181
37213 36953
38013 37992
38517 38486
38289 38264
39945 39933
41110 40944
39011 38962
38662 38579
38576 38562
40644 40633
41164 41147
42786 42697
41968 41889
42273 42271
43264 43200
47719 47700
50361 50322
52567 52550
51853 51802
51288 51212
54764 54673
48888 48815
52077 52068
54785 54765
57704 57688
57932 57914
58080 58057
59027 58741
59499 59426
59306 59293
59242 59240
59783 59772
61841 61770
65363 65342
65026 64977
65271 65253
66331 66287
66659 66576
65524 65486
69972 69946
70476 70413
68168 68142
68611 68557
74444 74423
74536 74516
73400 73333
71909 71788
74402 74355
74028 74002
74750 74673
75424 75390
75619 75607
76102 75881
74991 74938
75489 75447
76223 76177
76928 76846
79221 79193
189 167
523 460
79775 79769
2869 2775
3312 3280
4328 4315
5100 5052
6034 6026
5882 5857
5122 5115
6464 6436
8784 8723
9984 9956
10820 10816
11322 11259
19384 19369
19977 19908
22856 22814
20059 20010
29079 29049
34150 34119
33915 33859
34585 34548
39097 39034
37826 37812
38557 38533
47465 47460
47394 47388
45901 45853
48778 48735
49468 49225
52087 52082
52881 52874
53197 53196
53311 53307
54836 54809
53251 53234
55798 55756
58231 58177
57484 57465
54409 54332
60983 60969
61623 61559
62965 62940
62096 62066
64288 64144
62352 62163
68480 68436
69110 69081
71131 71072
74137 74114
74515 74501
75275 75180
78968 78935
79930 79844
79421 79385
79575 79495
77604 77509
79628 79612
76590 76584
77199 77159
76260 76237
73599 73591
74897 74781
73217 73190
73686 73638
72190 72154
71381 71274
71214 71186
70270 70249
70084 70017
70240 70183
69898 69873
70767 70764
69821 69803
70717 70630
69317 69246
67683 67654
67196 67144
68973 68972
67110 67052
67617 67538
66157 66093
66429 66363
65882 65839
58534 58479
60887 60806
52263 52251
51359 51340
51442 51438
51784 51770
50221 50136
51127 51072
51305 51293
49975 49796
50081 49989
47687 47680
48527 48511
43157 43142
40621 40535
47128 46995
42121 42019
40303 40277
39895 39846
41877 41866
37269 37252
33957 33921
35427 35420
33183 33108
33481 33475
31891 31866
30989 30952
31377 31359
30588 30480
28112 27977
27149 27137
28891 28803
24951 24883
27380 27338
26448 26402
25161 25124
23831 23696
19800 19729
22918 22914
18576 18475
18911 18910
11501 11497
20684 20598
13318 13314
11982 11903
8711 8708
8583 8556
8515 8416
6579 6564
5241 5226
5797 5766
4069 4050
3452 3435
9476 9455
3001 2991
2955 2946
2366 2348
1526 1472
78868 78842
79161 79153
78476 78307
78063 78044
77092 77076
72292 72240
71169 71145
72891 72772
73791 73714
73529 73527
73496 73479
71062 70992
70390 70341
70163 70143
69185 69121
70604 70588
69475 69464
69560 69523
67802 67791
68008 67988
66963 66877
66565 66538
65467 65431
65229 65144
64656 64630
64595 64576
63837 63776
61979 61856
65581 65559
64942 64826
64321 64298
64728 64707
63201 63167
63750 63718
62120 62112
62896 62866
60779 60756
62502 62489
60530 60449
59896 59840
60043 60031
61541 61524
61359 61326
58723 58714
57885 57882
58238 58237
58169 58144
57781 57714
57248 57226
57334 57282
57098 57024
57276 57270
56927 56866
55754 55737
53193 53163
54900 54859
55356 55317
56640 56381
54443 54415
53589 53522
52533 52511
54258 54208
51951 51945
48402 48371
49138 49116
48129 48107
46993 46992
47991 47951
46656 46628
46616 46568
46410 46405
47425 47410
47672 47614
45279 45273
45102 45023
46541 46522
44064 43923
43412 43378
43522 43472
44526 44505
46504 46486
44835 44650
44988 44969
45000 44993
43020 43016
41484 41472
39636 39616
39795 39759
42931 42844
39587 39560
37436 37410
36887 36616
36251 36224
35880 35866
35511 35494
35371 35340
35976 35930
34927 34916
34470 34461
38069 38047
34431 34352
34764 34593
33058 33047
29896 29812
27899 27859
31512 31509
30842 30820
29743 29638
24766 24743
26727 26695
26390 26278
24735 24622
26080 26020
24512 24450
25993 25977
25779 25724
23963 23871
23389 23382
22722 22688
21752 21640
22859 22857
21150 21093
21432 21418
19360 19350
18663 18651
17409 17393
16943 16901
19080 19041
18441 18398
16832 16807
14460 14430
15438 15390
14029 14007
16403 16379
13959 13945
12957 12873
12687 12569
15888 15803
12300 12292
10456 10428
11613 11522
11399 11362
9892 9861
11482 11480
11175 11069
9079 8934
9942 9930
9836 9834
10324 10292
7891 7862
7953 7942
7389 7327
10017 10012
9197 9184
8895 8789
7690 7674
7642 7615
7182 7059
6786 6761
7760 7748
6253 6249
4554 4521
4477 4455
2689 2670
2046 1832
2423 2406
831 787
427 416
758 739
78667 78621
78602 78571
79337 79318
76773 76703
79993 79956
79168 79166
75586 75543
75380 75379
73302 73296
77787 77677
74080 74068
74264 74260
72430 72401
73855 73839
72322 72299
72126 72120
72099 72097
70135 70114
69872 69864
71484 71446
69678 69653
68107 68093
68542 68485
64540 64526
64143 64102
61438 61398
64773 64745
64502 64366
57567 57529
56948 56946
57870 57785
55271 55207
53861 53825
53162 53157
52374 52286
55176 55151
53517 53442
52634 52615
53434 53390
54299 54264
50687 50671
51659 51550
51431 51398
51068 51017
50995 50944
50940 50870
48487 48485
48359 48342
47197 47188
49076 49023
46514 46510
45672 45600
47300 47274
48054 48031
45593 45585
47264 47209
45469 45460
45187 45105
44608 44571
44863 44851
43770 43724
43666 43630
43001 42993
40264 40259
40911 40823
45440 45348
43704 43675
39251 39231
38453 38446
37708 37562
41749 41515
39262 39258
35683 35646
40240 40189
40045 40025
38436 38418
35849 35704
34839 34831
36528 36443
32420 32400
34866 34862
32639 32591
32202 32166
32105 32073
31350 31226
34539 34479
31507 31484
30787 30778
28728 28656
27264 27261
25675 25633
25249 25221
24444 24442
25569 25568
25941 25885
29365 29270
22870 22867
24874 24858
22408 22316
23617 23554
20850 20808
22480 22473
21638 21617
21828 21822
19414 19397
20571 20473
24614 24587
19213 19210
15584 15507
17203 17115
15382 15340
9576 9550
13714 13690
12228 12143
13773 13724
7972 7959
5749 5702
5950 5886
4268 4235
8033 8010
5597 5438
7024 6923
4155 4147
2590 2586
2630 2618
2266 2175
7278 7185
1452 1417
1796 1778
1641 1634
78795 78789
79369 79297
75827 75821
76162 76124
74946 74942
75817 75813
74036 74024
73979 73946
73053 73046
72784 72774
72016 72003
70267 70265
71810 71800
70464 70458
70451 70337
69896 69894
67731 67726
68806 68768
66929 66926
68156 68151
68067 68052
66553 66536
65045 64928
64649 64631
66578 66569
66597 66594
66399 66276
64528 64512
65890 65873
61874 61849
63743 63739
61637 61628
61331 61319
61793 61788
61370 61353
59703 59696
61739 61673
61079 61070
58366 58348
59623 59561
58676 58665
58598 58559
58319 58318
57700 57681
57095 57076
57428 57423
56548 56509
56695 56693
55838 55817
54959 54882
51741 51739
52800 52780
51368 51316
52416 52367
50668 50650
50167 50148
51527 51520
49148 49147
49056 49040
49639 49636
49024 49003
48995 48987
49339 49323
47145 47066
47686 47676
48473 48470
47673 47656
46939 46925
45581 45531
46324 46322
47162 47154
41972 41970
41777 41747
41960 41940
44435 44427
41969 41965
41556 41551
41831 41825
41496 41469
40279 40250
39786 39765
38153 38107
37791 37783
37665 37660
38426 38421
39732 39703
37333 37332
37495 37469
35135 35078
34587 34511
34425 34415
34851 34804
33951 33917
33768 33766
33571 33560
33414 33313
31683 31647
30210 30203
31047 31018
30397 30391
31365 31355
30188 30181
29042 29035
30783 30781
28078 28044
29324 29312
29801 29798
26558 26517
26056 26053
28674 28576
24422 24411
25290 25187
26726 26691
29750 29717
23622 23573
24261 24242
26986 26979
23486 23478
21843 21821
25680 25671
23755 23748
21175 21173
21459 21420
22639 22554
22261 22253
21251 21238
21100 21094
17743 17676
18823 18820
22142 22132
20630 20616
22100 22046
20472 20423
18036 18029
17430 17383
19520 19474
19226 19170
15868 15849
17953 17948
16296 16267
16794 16761
14807 14805
13520 13503
14284 14271
13784 13757
8057 8015
10387 10378
8710 8582
7398 7396
5278 5276
7948 7938
3182 3071
5573 5565
4925 4882
3882 3863
2928 2917
4472 4463
3456 3451
2427 2424
1765 1758
79292 79286
78796 78791
2912 2866
1264 1222
3517 3514
78018 77941
1125 1115
685 681
72714 72684
70904 70896
76700 76647
1191 1169
74203 74169
69798 69782
65546 65531
69775 69698
72220 72209
63897 63893
62683 62681
62463 62377
70627 70606
62104 62101
63591 63480
63976 63940
66843 66831
60925 60900
55017 54954
55619 55448
58659 58640
60168 60156
70928 70915
55203 55201
56844 56757
62865 62826
52671 52661
54910 54904
54046 54039
59625 59585
50801 50714
51192 51164
50291 50239
46703 46673
44399 44360
52450 52412
49718 49714
47942 47864
46401 46330
43894 43843
41449 41372
46244 46127
45844 45750
42390 42373
41996 41973
41839 41836
40711 40683
32051 32010
29939 29929
26261 26203
27558 27552
34069 34035
30058 29967
17354 17328
38791 38730
22291 21962
20443 20431
6900 6863
11692 11647
9618 9592
7741 7720
5407 5353
12128 12064
4638 4613
79850 79845
78439 78399
3755 3748
77169 77147
77759 77720
77145 77143
78328 78319
77314 77306
76809 76807
77114 77091
76203 76165
75534 75502
75593 75588
75348 75346
75956 75914
75182 75172
74928 74925
74725 74690
75412 75352
74856 74824
75168 75154
74809 74806
75878 75860
74023 74018
73925 73908
74156 74143
74174 74160
74523 74511
73820 73802
73784 73771
73639 73619
73884 73860
73577 73571
73565 73564
73103 73074
73431 73417
72812 72798
73036 73035
72520 72475
72980 72974
72332 72323
72469 72437
72832 72828
72422 72389
72173 72163
72121 72044
71908 71887
71834 71827
70683 70667
70067 70032
70798 70745
69430 69376
69348 69335
69180 69174
67752 67739
68468 68434
70243 70191
68072 68071
68826 68818
69130 69101
67039 67020
67008 66960
66190 66087
68209 68195
67943 67929
64117 64033
63603 63601
63737 63733
64205 64198
63730 63704
63107 63076
62864 62846
63669 63644
62986 62984
62723 62710
62624 62614
62350 62341
62585 62575
62931 62897
62495 62479
62226 62215
62199 62193
62182 62173
61944 61919
60982 60973
60064 60061
59861 59856
61046 61037
60551 60516
59826 59807
62337 62325
60052 60042
60019 59992
60319 60305
59073 59016
59310 59268
58892 58883
59792 59790
59678 59668
59171 59162
58088 58074
58862 58859
58194 58192
57775 57737
57856 57789
57899 57892
57560 57541
57464 57430
56856 56833
55643 55599
56089 56068
58173 58160
56565 56549
56051 56005
55983 55964
56346 56299
55134 55130
55238 55206
53996 53945
54472 54469
53435 53396
53119 53093
53818 53783
52480 52456
52212 52197
53629 53622
53532 53501
53876 53870
53208 53194
53240 53232
51498 51451
52005 51972
51616 51595
51066 51021
53164 53126
51777 51753
50440 50415
50894 50891
50203 50195
50491 50478
50384 50364
50024 50018
49955 49915
50753 50749
50002 49966
49167 49164
49610 49607
48906 48814
48229 48225
46576 46574
46414 46353
44210 44206
44755 44743
45894 45883
44729 44708
46312 46279
47598 47564
44695 44688
46618 46610
44594 44572
44492 44482
44659 44636
44557 44549
45048 44999
45095 45093
44385 44367
44151 44136
43889 43871
43301 43269
42823 42780
42720 42702
42165 42160
42418 42416
42908 42884
42753 42747
42032 41976
41039 41002
41925 41879
41735 41726
40136 40122
39629 39573
39365 39330
39371 39370
41321 41294
39308 39306
39312 39311
39098 39060
39040 39026
40236 40215
38675 38670
38840 38839
38050 38010
39281 39250
38868 38846
37737 37706
38504 38465
38629 38609
37059 37055
36673 36663
36922 36917
35613 35586
35378 35356
33902 33891
35259 35257
34794 34782
34022 34000
34505 34497
31751 31746
30958 30938
29276 29259
28758 28756
28997 28978
27956 27851
29217 29199
30242 30211
29189 29166
28515 28435
30428 30425
28743 28719
28105 28096
26677 26661
27151 27141
27448 27425
25906 25894
27079 27073
26885 26839
26774 26754
26136 26117
24464 24432
25297 25294
25403 25383
26634 26597
27031 27018
24710 24649
25578 25571
25336 25321
24194 24191
24577 24570
23837 23826
23730 23704
23450 23446
24592 24583
24410 24398
23559 23544
23783 23777
21585 21574
22711 22685
21134 21125
20421 20418
21006 20971
20406 20404
20036 20033
18440 18425
18811 18769
18170 18169
19101 19064
17072 17022
16128 16097
18320 18292
16305 16301
18908 18876
18136 18132
17497 17494
17175 17145
15700 15669
14152 14130
15966 15939
13675 13670
14955 14907
15937 15932
14204 14201
14166 14162
13615 13604
13464 13413
13662 13635
13043 13026
12664 12620
13307 13274
13386 13379
13022 13006
12177 12147
12887 12824
12691 12689
10248 10238
11407 11397
12338 12309
11485 11419
11330 11327
11608 11599
10947 10910
11111 11079
11074 11038
10978 10973
10830 10805
9596 9582
9380 9379
9324 9261
8541 8505
8799 8752
8494 8468
8270 8269
8213 8197
7999 7996
8330 8284
7476 7447
7308 7294
6781 6768
6836 6796
8974 8952
6476 6475
7126 7079
7133 7131
6944 6887
6062 5956
6326 6245
5739 5710
4303 4189
5563 5560
4779 4768
4016 3885
4441 4440
4460 4448
3482 3470
3332 3322
2823 2818
2161 2154
2133 2105
3286 3278
5121 5104
1593 1559
1993 1936
3465 3457
2376 2356
1623 1618
162 116
1064 1058
2195 2186
777 728
794 785
722 718
39 26
78567 78521
1787 1771
68850 68834
46977 46962
42180 42142
42295 42282
34981 34953
31730 31672
29195 29182
29266 29234
68078 68047
28463 28454
19905 19829
13582 13576
10156 10068
13244 13077
8406 8375
6700 6699
11012 10987
3543 3540
18899 18833
78866 78812
79216 79171
78535 78534
78697 78629
78075 78021
77923 77916
79940 79902
364 352
78019 77989
77563 77481
2545 2487
77262 77256
76800 76772
76427 76426
76090 76069
76112 76103
76859 76831
76455 76452
77234 77185
74092 74067
76043 76014
74499 74456
75200 75195
75478 75428
74267 74256
75137 75128
73733 73726
73376 73336
73114 73113
71709 71704
71031 70974
67892 67875
69884 69817
69805 69799
67658 67650
70182 70179
67803 67781
70826 70813
67161 67157
66747 66721
69373 69364
69093 69045
68550 68525
67314 67208
69187 69182
66478 66464
66222 66214
67864 67825
68509 68505
66489 66480
65991 65986
66457 66440
65722 65721
65804 65774
65870 65817
65068 65060
67638 67605
66658 66625
65385 65334
64286 64271
64429 64405
65449 65413
64191 64182
62435 62415
63348 63347
62745 62737
61489 61485
61957 61947
61545 61516
59445 59437
60685 60677
58945 58894
58400 58374
58821 58755
57874 57873
56997 56963
56764 56723
59260 59192
57300 57274
55376 55375
58855 58852
59350 59339
57057 57037
55292 55268
56456 56453
57415 57310
54284 54251
56462 56457
54623 54622
52744 52695
52856 52802
52564 52491
52688 52687
53288 53281
55002 55001
53268 53262
53052 53003
52682 52668
56615 56604
53600 53588
52606 52576
52440 52423
51881 51878
49848 49810
51265 51254
51304 51274
48953 48938
48635 48630
48789 48784
49307 49262
50773 50762
49238 49214
48752 48730
50696 50683
48434 48398
49194 49172
46946 46943
47458 47416
46276 46259
48781 48766
49773 49771
46072 46054
45814 45787
45974 45967
45876 45830
45727 45697
46339 46329
45821 45819
44965 44928
47337 47222
45312 45290
44235 44227
43434 43426
44287 44271
44998 44990
42547 42535
41403 41384
40316 40300
38563 38551
40466 40416
38586 38568
39698 39685
39420 39407
36949 36947
37409 37362
37654 37632
36646 36643
38799 38766
38100 38056
39248 39244
37926 37922
38416 38377
38369 38366
38508 38507
36495 36472
38820 38810
37618 37609
36330 36326
36212 36200
35730 35724
35701 35692
35655 35639
36396 36354
33826 33807
32007 32003
32872 32798
32582 32576
30498 30466
29572 29563
31315 31276
30988 30980
30004 29971
30383 30362
30323 30309
29840 29819
30417 30413
27577 27526
29540 29469
28282 28242
30934 30916
28977 28904
29376 29355
28573 28563
25783 25751
25182 25170
24368 24357
26301 26280
23857 23856
22436 22428
21063 21012
22407 22381
23271 23210
21956 21946
20774 20699
20614 20613
18125 18078
21414 21396
20117 20111
20606 20605
19706 19641
19958 19955
19606 19596
19448 19423
16434 16415
18756 18690
18161 18153
16462 16437
16999 16987
14982 14979
14724 14717
12107 12084
12402 12376
13549 13537
14221 14215
14063 14057
14763 14737
12236 12213
12722 12711
11713 11706
14712 14626
12467 12440
11882 11843
9944 9932
9042 9001
11389 11342
10359 10311
14395 14393
7033 6969
10637 10590
10297 10267
7269 7255
8353 8350
6655 6639
6189 6171
8139 8095
5449 5446
4702 4699
4553 4542
5179 5171
3737 3678
6127 6103
2916 2915
4955 4951
77894 77889
3424 3374
78950 78947
2 79985
983 982
79597 79595
79949 79934
397 303
78455 78440
78731 78717
77971 77951
598 590
78691 78614
1424 1391
77461 77451
75004 74986
76514 76501
76574 76567
73905 73887
74046 74027
73437 73421
73164 73158
72922 72917
75331 75289
74197 74170
72935 72924
72805 72785
72508 72498
70863 70822
68623 68616
69533 69519
69305 69288
66850 66837
67038 67024
69086 69040
68054 68048
66643 66573
65401 65381
65157 65137
65758 65733
65917 65855
66261 66252
68853 68835
65708 65648
65430 65427
66406 66395
64251 64237
62960 62919
62174 62143
62610 62589
61792 61787
63181 63168
64453 64446
62781 62770
64127 64076
62993 62976
62073 62059
61038 61026
65244 65236
61824 61812
58356 58339
58961 58951
58736 58693
61453 61439
58314 58294
58364 58363
58484 58472
58432 58410
57900 57896
58744 58743
57640 57635
57456 57450
56572 56553
57445 57431
58788 58772
57698 57682
56001 55976
57205 57202
56386 56369
56470 56448
56174 56171
58041 58002
54665 54612
51686 51672
53453 53430
53184 53174
52680 52676
51421 51402
51435 51432
49822 49813
51602 51597
49191 49161
49772 49759
49054 49015
50790 50745
48528 48501
47593 47583
48653 48611
47901 47891
50238 50215
48172 48160
48033 47977
47276 47207
48919 48894
46648 46643
46572 46490
46402 46379
46255 46223
44623 44597
44521 44494
45013 44968
45580 45572
43391 43389
41721 41713
42334 42330
45924 45913
45116 45109
45948 45938
44441 44423
43491 43471
41027 41024
41266 41244
44023 44002
42036 42013
40726 40714
42645 42533
40450 40412
39911 39898
39659 39639
38795 38783
40043 40040
38058 38041
40260 40257
38310 38304
37175 37171
40604 40599
37042 37011
39453 39430
37726 37725
36284 36266
37217 37203
35856 35853
33066 33057
36874 36871
37719 37717
34926 34900
35061 35036
36821 36799
32834 32816
34084 34006
35570 35545
33792 33790
33848 33793
36797 36794
32640 32627
31192 31188
37220 37218
33877 33875
32960 32957
32536 32524
31162 31161
32425 32410
33246 33238
32156 32126
28708 28691
30414 30359
28926 28924
30136 30092
26821 26815
27169 27124
26889 26857
26656 26653
26660 26659
25713 25701
26648 26611
26563 26546
25912 25881
22171 22151
22684 22669
23669 23666
22352 22273
22601 22498
22393 22379
24424 24420
22102 22080
22144 22143
23063 23054
19740 19733
20851 20820
19607 19604
19157 19150
21451 21446
19842 19840
19695 19674
22400 22396
18510 18495
20662 20659
15924 15880
16390 16361
15802 15795
16826 16818
15006 14953
18673 18655
16870 16850
16273 16196
16319 16317
18567 18527
15739 15718
13106 13105
12072 12068
11975 11969
12809 12806
13587 13573
14088 14048
13771 13742
15359 15342
14147 14135
14405 14337
10555 10535
11520 11508
11182 11168
11213 11208
5162 5135
4671 4658
9284 9276
5561 5515
4246 4245
5851 5849
5820 5811
3756 3695
4996 4980
3373 3350
3814 3798
1777 1776
1076 1061
2516 2508
1028 1023
57395 57373
377 356
49747 49740
48675 48620
79764 79744
44439 44405
42249 42209
28780 28730
21598 21504
77901 77879
78970 78916
79140 79105
79563 79542
16985 16962
76667 76666
76220 76212
36172 36117
8265 8220
74906 74877
76393 76374
77409 77341
72894 72867
74217 74184
75083 74981
73717 73710
75712 75700
72951 72907
79823 79794
73021 73011
69760 69749
68636 68613
70500 70485
69923 69919
67394 67333
67512 67458
68330 68270
64496 64475
59842 59834
61468 61412
55421 55402
54380 54365
56634 56628
54195 54139
57525 57512
62171 62170
59178 59177
52289 52254
55679 55671
49689 49646
50046 50032
48703 48700
50308 50306
52325 52311
55927 55925
46251 46224
44665 44661
48017 47998
46752 46712
45408 45380
44894 44862
44401 44391
50589 50579
49449 49395
48569 48539
43708 43682
46173 46158
43844 43839
40400 40346
40757 40703
42875 42863
43736 43734
51247 51243
42945 42941
41858 41840
39121 39113
34189 34135
39219 39211
34854 34852
37317 37242
38451 38430
35766 35750
35878 35871
33639 33623
38287 38259
30705 30700
32890 32878
33131 33103
30769 30766
28340 28328
32644 32636
30030 30006
32330 32295
33696 33689
24044 24001
14966 14965
16819 16800
17262 17240
14419 14414
13727 13712
16256 16238
15057 14993
13196 13158
14001 13978
14128 14100
15847 15836
11663 11643
13920 13844
7075 7042
13114 13067
10866 10849
11316 11256
7926 7885
8917 8846
9186 9097
17301 17293
10779 10742
9414 9400
7860 7852
6690 6673
5409 5390
4409 4404
7580 7554
298 284
666 654
918 882
1278 1276
79456 79448
279 221
79883 79881
79518 79473
79525 79519
79754 79748
79379 79374
78972 78956
79809 79800
77394 77370
78438 78434
77762 77731
77086 77013
78105 78090
77318 77298
75096 75074
74506 74467
75462 75461
74915 74862
74923 74921
74003 73998
74950 74940
75699 75691
74154 74149
73713 73684
73291 73285
74805 74801
73249 73230
74451 74442
71980 71978
75599 75592
73122 73112
74831 74815
72990 72977
73067 73030
72734 72709
74228 74219
72521 72518
71236 71235
72633 72630
71635 71634
72387 72376
71618 71594
71964 71948
71866 71865
70794 70772
71362 71341
70710 70658
71314 71302
71096 71080
70166 70137
68743 68742
69648 69646
69377 69349
67922 67920
68587 68572
69231 69188
68989 68979
68218 68205
67893 67874
70313 70296
68914 68911
70126 70124
68720 68641
67827 67816
69942 69937
68401 68398
67635 67631
67442 67406
67045 67044
66181 66133
66715 66714
66889 66886
66245 66243
67758 67736
67865 67834
67164 67139
66907 66894
68122 68119
66833 66828
66381 66362
67695 67644
66210 66187
65352 65347
65598 65554
64574 64572
65636 65622
64974 64956
64931 64923
64733 64654
63835 63789
62399 62393
62476 62469
63991 63939
62130 62108
63203 63199
62868 62823
63079 63075
62234 62228
64767 64765
64234 64231
64171 64170
62367 62362
62301 62277
60487 60453
61607 61598
62042 62012
62460 62446
61122 61098
63159 63155
62089 62078
61272 61262
60633 60628
60322 60308
61253 61186
60333 60327
60666 60665
60913 60843
59347 59344
59390 59378
59868 59850
59234 59229
61663 61610
58594 58590
59490 59480
59076 59054
57182 57180
56242 56230
55310 55299
55795 55790
55049 55034
56076 56045
55131 55124
55890 55884
55582 55578
54407 54382
55802 55799
55476 55461
55210 55183
55494 55490
56988 56962
52832 52807
54371 54353
53950 53944
53918 53877
51829 51820
52639 52584
53114 53071
52651 52643
52297 52250
51269 51266
52513 52508
50554 50552
50642 50637
51879 51859
50019 50012
49594 49531
50207 50179
50704 50662
50385 50365
49937 49932
50820 50795
49926 49879
49520 49498
49155 49133
48891 48885
48950 48947
48768 48764
47928 47913
48860 48852
47330 47325
51302 51298
48705 48682
48256 48244
48286 48281
46092 46090
48446 48381
48832 48794
49875 49856
48065 48053
47441 47423
47019 47010
47134 47133
47723 47717
47088 47079
47056 47046
47364 47353
46885 46880
45193 45158
44288 44236
44707 44696
46842 46801
43388 43377
44646 44633
44787 44760
41989 41987
42872 42845
43546 43545
43462 43461
42488 42475
43536 43520
42112 42087
42979 42965
41481 41439
43115 43077
41691 41684
41043 41040
40834 40812
38482 38444
39939 39931
36780 36720
36392 36375
35534 35517
36486 36462
36640 36634
35479 35448
35323 35284
34826 34821
35727 35721
35657 35638
35026 35022
34353 34337
35696 35689
34287 34272
33524 33511
33217 33201
34134 34085
35584 35583
34976 34975
33664 33621
33284 33279
34676 34662
33775 33750
31821 31774
33152 33088
32313 32296
33687 33666
31570 31543
31485 31443
32858 32852
33620 33616
29833 29829
32478 32444
28401 28384
30231 30221
29191 29186
28670 28655
29143 29133
30352 30345
28471 28413
28794 28791
28268 28250
27400 27376
26376 26345
27259 27252
28368 28365
27496 27472
25745 25741
26457 26445
23109 23105
26103 26074
24178 24159
23850 23810
23891 23883
25615 25556
24268 24253
26535 26532
23051 23044
25030 25006
23515 23476
23213 23207
21769 21748
22660 22654
22746 22734
21508 21452
21085 21081
22113 22104
21080 21064
21233 21220
18313 18308
19264 19243
17173 17149
19232 19207
17009 17001
17731 17716
15305 15298
16052 16034
16537 16493
14247 14227
14115 14105
14269 14262
13428 13422
15705 15617
13736 13710
15612 15604
14760 14755
12753 12747
12679 12671
14025 14024
13572 13561
12784 12772
11083 11071
15092 15083
14814 14801
12552 12497
10821 10785
11862 11848
13044 13030
11807 11769
8859 8810
10367 10358
7872 7868
9245 9241
9890 9865
9994 9971
8897 8869
9317 9314
7703 7631
8929 8922
9404 9374
11158 11128
9674 9650
6733 6721
7247 7245
6577 6557
11493 11448
6651 6638
5653 5651
6116 6096
4526 4523
3579 3565
4865 4851
4489 4428
2494 2491
3073 3062
4678 4677
1675 1666
1120 1100
73474 73408
76730 76726
51444 51418
65191 65181
56117 56099
39226 39222
31065 31064
36305 36283
26047 26040
36173 36162
28892 28849
24764 24763
34102 34081
22035 22024
26836 26823
25849 25795
23441 23393
11551 11550
19834 19771
7684 7680
6490 6478
17372 17345
10556 10547
15278 15254
10116 10102
21928 21915
14334 14292
100 77
79607 79606
77846 77824
79127 79040
77927 77925
76552 76527
78548 78497
79760 79755
79135 79134
79310 79274
78325 78324
12115 12114
78406 78404
78181 78153
77442 77418
72701 72700
75624 75608
72267 72263
73415 73414
70948 70945
69511 69507
69608 69605
72232 72199
70990 70954
68009 67998
70394 70362
69502 69492
69284 69255
68907 68903
71732 71727
67535 67513
67326 67321
69985 69979
62424 62414
67070 67060
65370 65354
66743 66720
68765 68755
67713 67696
65512 65485
67469 67467
66099 66090
66543 66520
65820 65809
65535 65529
64229 64196
65094 65008
61702 61668
65217 65214
60742 60715
61407 61383
62328 62302
60159 60131
60389 60380
60798 60794
62387 62385
61184 61171
58614 58609
57722 57703
60299 60290
58910 58856
56436 56428
58198 58193
58938 58919
59995 59988
57924 57922
63871 63852
60591 60546
56219 56213
60046 60021
54530 54494
57116 57089
60244 60223
54877 54862
54774 54759
54059 54052
56107 56078
54176 54140
55417 55406
54923 54914
53173 53168
52674 52667
53128 53120
54714 54668
55851 55842
53850 53847
53932 53926
52336 52326
51003 50970
52575 52565
52559 52520
50909 50882
55404 55383
55883 55868
51048 51020
53038 53021
52315 52303
53759 53729
48132 48110
53652 53587
51323 51319
49812 49798
53721 53682
51147 51126
50103 50089
50129 50109
50294 50253
51253 51251
49367 49363
50968 50964
45793 45792
46016 46014
46085 46042
50011 49999
49284 49240
42809 42772
44899 44888
45491 45451
44218 44179
43351 43348
44945 44939
43659 43640
44324 44310
43321 43316
44687 44678
43302 43280
43195 43190
43342 43329
43173 43121
42927 42890
40507 40503
41325 41322
40473 40469
39890 39884
41117 41115
42464 42456
40283 40263
38878 38856
39426 39388
38170 38161
37006 37000
38501 38498
40023 39987
39001 38992
38975 38967
39873 39855
37582 37563
38710 38702
37795 37767
37319 37310
34766 34745
34547 34537
34960 34957
39296 39256
34732 34696
35596 35592
33462 33448
32011 31999
31991 31958
33610 33561
33706 33701
34181 34176
35823 35817
33551 33529
32701 32690
32679 32646
33015 32989
32240 32238
30597 30571
31700 31689
31076 31068
31209 31193
31853 31835
29083 29081
29374 29368
30179 30174
29858 29837
27112 27106
27743 27671
29938 29936
26603 26593
27971 27968
28359 28336
28766 28764
29351 29350
26502 26471
23776 23756
25356 25282
24036 23984
24804 24790
23859 23852
23236 23216
23143 23111
24688 24682
23377 23323
21723 21720
22044 22043
21662 21634
22848 22832
21622 21609
21178 21151
21524 21510
19920 19850
21399 21397
20391 20368
21118 21103
17801 17751
18766 18765
17550 17533
19021 18944
17138 17106
21300 21287
19788 19785
14833 14819
16444 16430
16422 16391
14175 14151
13015 13005
16996 16988
14019 13910
14762 14761
14921 14920
12852 12836
12598 12571
13235 13229
16080 16066
13214 13186
14203 14193
12976 12972
10141 10134
10458 10451
12486 12474
11318 11314
12193 12190
10354 10325
11014 10998
10583 10580
10270 10241
10707 10704
10090 10079
7913 7892
7297 7282
9625 9594
7609 7591
2906 2894
10522 10516
9919 9903
3197 3177
5495 5448
5713 5661
4424 4397
3273 3222
4567 4562
6139 6137
2460 2458
4335 4267
3779 3762
6822 6791
2264 2261
3915 3894
3389 3375
6523 6508
1956 1950
3891 3818
2890 2885
3115 3089
4075 4013
7516 7468
1272 1250
2408 2350
2017 2002
2336 2300
759 686
1702 1687
77308 77299
76926 76852
934 927
76786 76771
77696 77680
522 508
1084 1078
77895 77864
76630 76628
76397 76384
75658 75645
76576 76570
77108 77103
74096 74086
76512 76510
74428 74412
70776 70775
75349 75290
75282 75266
74350 74341
67786 67776
72723 72718
68563 68548
69145 69127
72982 72946
71627 71584
70836 70824
71712 71674
72570 72564
71005 70975
70766 70742
71875 71841
67300 67250
69545 69460
72333 72329
68814 68730
71379 71328
70663 70653
71750 71748
70457 70445
70008 69949
71301 71289
70369 70365
66542 66514
67548 67545
66969 66959
65029 65018
69654 69612
66945 66915
68028 68011
65310 65300
66105 66104
66040 65998
64785 64750
64266 64265
60740 60711
60612 60581
61926 61918
60763 60748
60514 60508
61883 61829
59384 59363
60188 60151
59361 59356
59273 59224
61672 61660
57165 57163
61292 61291
58352 58345
58301 58291
58952 58950
57739 57709
57283 57220
56087 56079
48587 48572
49188 49187
52970 52961
52684 52645
55988 55968
52383 52364
47756 47755
51899 51894
51330 51325
44994 44987
46095 46078
45063 45043
46000 45882
44852 44833
46461 46453
43567 43548
43305 43258
42214 42195
41118 41074
39877 39850
41178 41142
41406 41396
41705 41677
39423 39411
40696 40692
37097 37094
38285 38248
39441 39425
39552 39511
37614 37606
39402 39399
36846 36843
37048 37022
37066 37058
37536 37525
38596 38487
38315 38302
37316 37290
39450 39445
39341 39331
40293 40288
37260 37250
36138 36110
36996 36923
36342 36314
36278 36258
35537 35532
34771 34758
35117 35115
34641 34618
32165 32150
36165 36156
33588 33567
31450 31440
33002 32988
30508 30496
31163 31159
31356 31327
30377 30365
30277 30243
30195 30164
28213 28212
30584 30574
28981 28968
26822 26807
29788 29765
27914 27902
26124 26095
25642 25621
25712 25711
26855 26849
24392 24359
25056 25036
28760 28757
24033 24028
28284 28280
25866 25853
27200 27185
24906 24864
25804 25793
24183 24164
23676 23662
23576 23565
24722 24713
19964 19947
19455 19425
19296 19292
18192 18180
19622 19573
19158 19156
19819 19814
18591 18586
18274 18272
17243 17236
18241 18227
20203 20177
17965 17964
18224 18200
17645 17634
18813 18804
17633 17622
15551 15532
14643 14630
12746 12738
14254 14244
14506 14505
14723 14711
12829 12793
12156 12138
12305 12291
15754 15751
13772 13763
15872 15867
12532 12531
15008 14994
13514 13498
11987 11883
11856 11844
10943 10940
12494 12465
12617 12614
12238 12212
12027 12004
12439 12390
14365 14326
11325 11315
12981 12971
10165 10161
12090 12077
9746 9703
9551 9548
9104 9101
10262 10255
9821 9802
14537 14523
9659 9646
8260 8257
10095 10026
9415 9388
9451 9445
10788 10783
7288 7287
8955 8953
6619 6603
8480 8475
5824 5813
9120 9117
11676 11674
7687 7668
9267 9229
8900 8898
5876 5855
9004 8997
6313 6308
7744 7722
3385 3376
6221 6186
1563 1543
2839 2827
4512 4504
3823 3808
41431 41419
690 667
32634 32611
36571 36551
26322 26317
44635 44632
20834 20780
79969 79964
2080 2079
312 292
77163 77129
208 182
24136 24131
8195 8157
76607 76603
10025 9985
713 691
76123 76115
75527 75508
79022 78991
461 419
68308 68298
79675 79613
9849 9839
4323 4319
72098 72077
67795 67774
12997 12988
79266 79236
74459 74457
78320 78288
75252 75232
71231 71225
20917 20836
68522 68489
68961 68953
66871 66866
65255 65246
69020 69011
79734 79709
71432 71429
69907 69868
61863 61861
68472 68406
60840 60836
67611 67573
64412 64314
63252 63228
62744 62662
62551 62548
59104 59096
54025 53994
51591 51555
49741 49739
56836 56829
59806 59804
53252 53236
51116 51114
52927 52924
51530 51452
59020 59004
53271 53270
50534 50499
49687 49673
51984 51982
45633 45627
51818 51764
46012 45999
48937 48935
45522 45498
45091 45078
47511 47442
47112 47098
46920 46906
42401 42368
37711 37702
47193 47191
45889 45874
45729 45698
50621 50608
38805 38803
35085 35079
34638 34626
44336 44325
42452 42406
32235 32226
36372 36320
33720 33715
34570 34555
34227 34224
38944 38936
32441 32435
36848 36835
40142 40105
38777 38774
37855 37844
30850 30843
31527 31501
32920 32905
32204 32164
31670 31651
30338 30306
31637 31602
32796 32730
29098 29095
28564 28538
31297 31284
27008 26993
28021 27997
28100 28095
30299 30288
31386 31380
30072 30065
27664 27635
24419 24383
28647 28638
29944 29942
29822 29820
27369 27285
30169 30158
25163 25111
23978 23974
25261 25251
25422 25417
19957 19935
22698 22697
19987 19965
22271 22229
22372 22363
20764 20763
19067 19059
11356 11351
15153 15148
8356 8343
16750 16679
8098 8096
13860 13840
11264 11245
9206 9160
7262 7248
22219 22216
15824 15818
8531 8500
1971 1961
6016 6011
3333 3301
79067 79039
8338 8336
3988 3968
79560 79524
1527 1504
5258 5227
2454 2440
2918 2907
4682 4680
78573 78563
1242 1213
78512 78501
77705 77702
78600 78577
77181 77127
78172 78116
605 584
73378 73360
78558 78514
77023 76992
76244 76215
77595 77582
78481 78467
74639 74634
74588 74573
77859 77851
77390 77352
76442 76432
75730 75725
74826 74816
72318 72305
75771 75759
72533 72529
77245 77232
75921 75916
76364 76362
75399 75375
73927 73915
75470 75449
72501 72495
76557 76556
71662 71640
74465 74434
71053 71010
74284 74278
75980 75974
72027 72010
71411 71401
72882 72879
69449 69441
70560 70545
71286 71277
70232 70193
73745 73730
70090 70077
73911 73880
70713 70693
70408 70391
68657 68607
68686 68684
70374 70371
70132 70130
69733 69705
69555 69554
68394 68369
68113 68076
67591 67585
69078 69063
68310 68296
66624 66615
67938 67907
67490 67454
66803 66769
66449 66437
65357 65350
65537 65511
64803 64790
67717 67697
66750 66734
66137 66136
66687 66669
66263 66255
68575 68573
65942 65916
65822 65821
64273 64269
64091 64083
63559 63553
66487 66470
65686 65672
66724 66717
64700 64687
65800 65776
64889 64846
67068 67059
63752 63736
65119 65114
63054 63049
63457 63453
62593 62563
61544 61515
62447 62433
61504 61474
62974 62961
61948 61942
63595 63587
65628 65617
61081 61052
61894 61885
61033 61029
60659 60657
59443 59439
60346 60335
60071 60054
60499 60469
60323 60303
62799 62795
59084 59078
62214 62192
59966 59948
60145 60122
61261 61214
60149 60147
60697 60682
59754 59751
59798 59797
60573 60552
59102 59094
59006 58988
59157 59118
59036 59018
59011 59008
59681 59662
58719 58713
59066 59041
57804 57801
57592 57561
56208 56191
58861 58807
57942 57931
58974 58959
58054 58026
57767 57742
58157 58150
57108 57097
57133 57131
56822 56808
56670 56665
55815 55794
56304 56301
56160 56156
56576 56561
57480 57477
55893 55887
61369 61362
55463 55441
58025 58024
56981 56980
56255 56211
56925 56906
57032 57031
56851 56845
55845 55827
56501 56452
56768 56762
54949 54911
54656 54644
57634 57621
56063 56039
54687 54670
55877 55867
55118 55103
54419 54391
56713 56699
55592 55571
52410 52409
51549 51546
55339 55321
55379 55343
53696 53693
54464 54430
53059 53056
52560 52556
54358 54315
52899 52882
52164 52151
53788 53746
54156 54154
52872 52857
51765 51757
51667 51630
51541 51540
54783 54736
53362 53350
51932 51930
50278 50274
48516 48489
50798 50797
51211 51152
50560 50557
48993 48946
48441 48414
50961 50945
49344 49314
47252 47240
49130 49121
50782 50781
49422 49408
48253 48250
48064 48030
48924 48876
47870 47839
50314 50296
47688 47651
47505 47475
47462 47454
49889 49862
49648 49640
46873 46863
46484 46463
48206 48169
46111 46110
47759 47757
47646 47637
49993 49982
46744 46714
48231 48218
48652 48612
47237 47212
45880 45824
45680 45653
46125 46122
44671 44670
45544 45542
45447 45439
45342 45339
42611 42582
43219 43201
41617 41567
43374 43343
42490 42480
44483 44461
42453 42425
42320 42316
44137 44131
40550 40489
42923 42909
42084 42068
44262 44238
40880 40802
42274 42242
41243 41237
40315 40304
40359 40340
40773 40768
42066 42058
42348 42331
41368 41314
42971 42952
40174 40169
41193 41182
40754 40713
41522 41491
41313 41257
41855 41847
40585 40569
40380 40374
40063 40036
40296 40294
39503 39460
40132 40128
39305 39294
39099 39095
38127 38103
39583 39556
39376 39346
40781 40775
37851 37843
40453 40444
39140 39130
39828 39825
39271 39239
38639 38618
38021 38008
42241 42240
39089 39088
39232 39181
38470 38461
39733 39731
38394 38389
39079 39044
38745 38743
37600 37552
38932 38931
37142 37134
37798 37768
38727 38653
38225 38196
36459 36428
34719 34715
35373 35341
36522 36510
35792 35747
35017 34939
37977 37976
37641 37625
38175 38165
36594 36592
35312 35300
34934 34923
36411 36386
37086 37077
35112 35086
34575 34567
36246 36243
35578 35563
34788 34774
36352 36346
34426 34423
35597 35594
35410 35405
33725 33690
34536 34526
35073 35035
35829 35795
34417 34372
34140 34113
35553 35539
36237 36206
33682 33651
30563 30535
34358 34357
32573 32549
30334 30312
30776 30754
30347 30346
30290 30284
31927 31911
31707 31674
30100 30095
33348 33345
31316 31305
29921 29909
29492 29472
30630 30606
30087 30071
30303 30292
29762 29756
26961 26894
29300 29281
28754 28747
28568 28562
29329 29328
28910 28887
29499 29495
30241 30238
29174 29168
33544 33536
30968 30963
29135 29131
27231 27203
29321 29311
27601 27596
28476 28475
27927 27922
28921 28913
29245 29221
25951 25950
27464 27449
27766 27753
23525 23512
25754 25731
27717 27706
28151 28148
27739 27732
27544 27536
28069 28063
24310 24280
26418 26391
28252 28245
21776 21771
21029 21011
21010 20968
22295 22280
20888 20870
22186 22157
23426 23384
23561 23534
22410 22388
26511 26508
21871 21845
19560 19489
23484 23480
21391 21388
21454 21447
21800 21791
19093 19079
21189 21145
21040 21033
20439 20397
19422 19408
20923 20905
20486 20461
19638 19628
20103 20066
20673 20669
18409 18406
17995 17994
17452 17385
17772 17723
19043 19036
15223 15180
18514 18497
15908 15905
17147 17129
15942 15914
16680 16676
15129 15128
14704 14669
14089 14082
14847 14748
13497 13478
16004 15977
15020 15010
13578 13522
14494 14461
13321 13319
13219 13217
13247 13227
13636 13627
12682 12669
13169 13149
14742 14727
12350 12320
15273 15269
14003 13977
11239 11228
11662 11586
12989 12986
13094 13076
13127 13111
15106 15103
12940 12939
11199 11192
12720 12706
10349 10333
13037 13024
11822 11814
10107 10106
10794 10790
11808 11777
11138 11109
12652 12625
12074 12042
9216 9196
8400 8395
8943 8930
12883 12874
7614 7588
8568 8560
8361 8359
9116 9115
6414 6404
8282 8275
8093 8077
6299 6257
5672 5662
6885 6871
4746 4742
6182 6181
5907 5881
5106 5102
5718 5674
3594 3591
3978 3974
5147 5118
5036 5024
3008 2994
3263 3227
3224 3170
2888 2845
4959 4945
4211 4193
4160 4159
2648 2608
3156 3133
3651 3643
3953 3935
1410 1359
3360 3346
2324 2293
2800 2781
1968 1863
1848 1733
1857 1855
1658 1619
1102 1080
1241 1224
75989 75978
363 336
84 70
1723 1688
972 967
26022 26012
70460 70435
74559 74532
388 380
2734 2729
904 881
73073 73072
661 656
58 21
56619 56585
72370 72366
91 85
75643 75642
70741 70725
76048 76046
69104 69099
64485 64466
68569 68526
48793 48773
49479 49464
65135 65123
55114 55100
67485 67480
60347 60342
68945 68942
53226 53200
46309 46283
54104 54073
66218 66216
56546 56517
61540 61531
52886 52839
68287 68278
49459 49439
45592 45582
45073 45052
49237 49198
48740 48736
53814 53808
22821 22818
36152 36145
18858 18848
17737 17736
35889 35872
44938 44929
24118 24110
9816 9709
32523 32506
21280 21277
34691 34677
15598 15564
8380 8367
8076 8072
5649 5609
79030 79023
12369 12352
9427 9420
79787 79742
12469 12445
432 429
14844 14843
75037 74932
72591 72581
75288 75285
70470 70463
73681 73652
74782 74749
78692 78666
73060 73040
75718 75670
70283 70245
74510 74488
73290 73228
72558 72545
71196 71195
75883 75800
71739 71730
71971 71916
72906 72897
70641 70636
73140 73097
70040 70030
72854 72803
73025 72989
73796 73792
74229 74167
72527 72511
70601 70581
71791 71766
69863 69853
69054 69039
66879 66836
68947 68912
68053 68036
67377 67316
71833 71813
66832 66813
66716 66706
72446 72445
67452 67441
71912 71907
73211 73195
70123 70109
63440 63437
64457 64406
65105 65085
64294 64284
64107 64096
63544 63538
63299 63284
64241 64208
63141 63073
62676 62670
63188 63187
61469 61467
62105 62070
59837 59829
63021 63016
62635 62598
59598 59578
61448 61429
62559 62552
61105 61084
61426 61411
60438 60415
60237 60211
61635 61630
62227 62222
56887 56884
59774 59765
59822 59799
56287 56281
59478 59470
58587 58576
58411 58387
59075 59068
59614 59610
56859 56855
55014 54997
58649 58639
58286 58274
58949 58934
59404 59388
56435 56415
57975 57945
53982 53966
59549 59531
53964 53956
53851 53800
54281 54254
55791 55772
55039 55032
54011 53993
57329 57302
58459 58434
51674 51669
54221 54209
54864 54825
51977 51946
53318 53300
57906 57895
52471 52436
54207 54202
53264 53249
53601 53578
53332 53326
51244 51219
50029 49997
52912 52900
51492 51485
49860 49829
51040 51030
51384 51375
49223 49206
50901 50886
52144 52117
50232 50218
51453 51447
51719 51716
50548 50493
50085 50066
46639 46602
49034 49001
49204 49192
48693 48690
51080 51055
46240 46194
50929 50912
48932 48929
47623 47616
47588 47559
47716 47694
45823 45779
45528 45526
45028 45018
48751 48715
45224 45217
43748 43698
44346 44341
48293 48289
44525 44523
46143 46140
47789 47762
50119 50094
48285 48263
43999 43952
48683 48661
47294 47280
45744 45741
44186 44141
44933 44923
36750 36712
42010 42009
38945 38940
40943 40921
41639 41626
46023 46003
38365 38356
40762 40756
42157 42115
40017 39985
43527 43496
43088 43051
41460 41408
43863 43834
47546 47506
40463 40455
34185 34168
38442 38409
37478 37466
31385 31371
36009 36001
34033 34009
33970 33947
35977 35950
32698 32683
33076 33062
30835 30801
30532 30516
28520 28513
35235 35229
30230 30212
28193 28167
31286 31271
28964 28962
31114 31112
32649 32643
31763 31757
28473 28451
29457 29415
32780 32778
27160 27134
23641 23621
26142 26137
24945 24944
25348 25332
27556 27545
26760 26738
28403 28397
24672 24665
26504 26444
28147 28139
27117 27101
29874 29869
25546 25541
28663 28662
26838 26829
24482 24480
28443 28441
25531 25527
25034 25012
27076 26973
24279 24241
25526 25497
23760 23717
23773 23764
24780 24753
22725 22704
23468 23464
24455 24425
21759 21705
25230 25209
22617 22608
22861 22833
22604 22579
21682 21674
20544 20532
21119 21116
21141 21124
19864 19823
15152 15149
17186 17180
17167 17159
15306 15300
13957 13949
20279 20270
4785 4782
8629 8593
9190 9179
10687 10673
4689 4594
4721 4716
6592 6584
5099 5043
7535 7534
8201 8193
8320 8310
6501 6419
5519 5476
5971 5969
953 938
4883 4873
8983 8979
5381 5375
5854 5846
4129 4108
7709 7697
5285 5284
6100 6087
4249 4220
6170 6159
6734 6722
3993 3990
6688 6681
5577 5558
9165 9121
726 714
3841 3826
2970 2969
3884 3880
3694 3685
78988 78986
2720 2686
16 79998
4849 4847
1215 1107
79656 79624
78921 78877
78461 78450
75822 75792
75766 75717
78445 78443
77427 77415
228 213
2220 2200
78299 78293
78599 78586
77158 77100
78875 78847
77527 77499
77980 77976
75673 75661
78030 78017
77540 77538
75077 75053
77197 77170
75515 75465
75696 75679
73238 73210
3478 3398
76682 76668
74502 74497
76989 76964
75317 75294
77607 77592
76301 76273
74049 74030
74425 74419
74748 74735
76264 76252
72500 72467
74997 74989
69448 69446
70250 70226
68393 68385
75101 75094
71956 71944
68589 68578
69278 69230
69580 69576
73131 73129
72657 72596
68785 68763
68997 68986
68257 68220
62568 62564
61424 61415
67383 67382
63708 63703
74667 74659
67086 67082
66740 66737
67220 67181
66159 66158
67461 67457
71580 71566
64332 64310
67129 67127
71469 71466
66408 66379
65865 65801
59058 59044
63643 63640
65582 65579
61850 61825
65219 65146
63518 63509
61234 61225
63808 63802
64696 64686
64671 64662
68512 68502
69595 69582
64073 64058
65520 65518
62119 62076
62937 62936
63429 63417
63898 63889
62730 62697
65069 65049
65319 65294
63025 62999
62820 62810
63608 63602
63175 63166
64104 64085
57701 57685
56385 56379
59466 59464
61641 61621
55547 55546
55217 55191
57837 57780
58904 58878
53369 53368
56033 56032
54584 54562
57511 57505
58023 58020
55284 55273
51404 51362
55697 55691
53792 53757
52940 52939
57366 57363
53584 53554
51273 51206
51942 51936
52247 52243
53939 53921
54776 54758
49429 49414
50591 50566
54247 54245
53687 53654
51849 51794
50997 50986
53090 53068
52697 52660
51769 51760
52859 52840
46104 46088
50388 50378
45575 45567
50843 50837
45252 45230
43931 43913
42944 42943
46716 46713
42966 42954
44660 44604
42998 42970
47478 47438
41807 41795
43265 43255
47563 47561
42878 42851
44055 44019
45150 45123
42926 42905
44194 44164
44155 44153
43887 43878
41232 41213
43777 43741
42685 42683
41184 41166
40587 40566
38156 38128
42124 42106
40237 40234
41510 41507
38118 38086
41306 41298
38874 38852
37729 37728
37765 37749
39872 39865
39280 39278
37463 37441
39605 39603
45375 45370
38540 38527
37617 37603
37593 37559
31522 31519
31815 31814
30245 30206
32763 32741
30812 30795
32800 32787
32030 32020
32625 32606
35625 35611
33519 33485
31669 31644
32273 32244
30579 30569
33417 33408
28525 28504
25382 25370
29410 29406
29344 29325
26809 26805
29452 29429
29754 29724
29134 29119
26157 26135
27539 27476
26016 26004
29893 29888
27461 27455
26747 26744
24254 24190
26286 26258
28377 28366
32459 32414
22237 22220
21467 21435
20892 20880
24347 24346
27159 27118
23230 23222
21575 21553
20852 20845
25462 25439
23265 23258
19849 19835
24069 24017
20245 20217
20029 20015
24742 24737
21624 21582
20835 20805
21142 21139
22888 22883
20607 20586
25624 25597
20120 20119
20049 20044
20798 20789
16304 16261
21379 21365
20636 20624
19418 19407
18746 18745
19824 19822
17958 17935
19094 19091
18019 18003
16727 16709
16001 15956
15762 15760
16354 16309
17999 17991
15162 15155
18918 18906
21207 21172
13258 13228
16142 16138
14391 14386
15401 15388
13418 13405
15857 15828
15502 15469
15670 15654
14813 14808
14571 14567
15628 15591
16173 16162
15034 15024
12028 12022
12840 12801
13293 13269
15197 15187
12728 12724
12422 12406
12650 12642
9463 9458
11514 11491
9859 9842
11106 11055
11454 11444
12947 12942
10563 10560
8479 8472
9600 9593
9361 9346
10717 10669
12451 12434
11297 11291
9636 9616
10365 10337
9122 9092
8202 8173
5829 5783
7078 7077
7564 7562
4813 4811
4153 4133
6983 6955
4406 4377
8802 8766
7710 7695
9591 9540
8171 8160
8570 8492
5484 5442
4937 4935
5547 5543
3082 3061
6429 6403
7001 6986
4701 4687
5875 5847
4276 4265
2313 2277
3633 3618
3588 3560
38722 38715
3362 3361
9050 9041
1900 1889
6032 6030
2914 2909
3911 3909
5741 5731
642 616
2552 2529
59562 59532
27215 27198
3782 3775
527 521
2167 2147
1644 1642
1930 1913
1909 1907
1304 1252
13311 13287
1349 1334
19295 19275
2058 2037
3411 3377
2601 2521
41667 41628
86 81
1729 1709
72486 72482
37198 37196
57734 57732
79623 79620
71575 71573
2821 2762
8786 8689
69165 69154
76183 76174
77272 77252
78464 78463
5050 5007
8038 8037
39549 39544
73220 73216
1389 1358
73304 73295
68729 68715
75226 75220
58709 58692
65292 65245
69683 69673
72865 72855
72656 72655
62416 62407
70506 70473
63799 63797
67564 67557
65612 65609
61981 61949
64997 64989
57027 57020
55128 55127
57060 57054
68219 68215
64966 64904
52745 52742
51361 51354
50438 50412
63911 63892
62511 62498
52500 52488
50776 50729
53246 53242
57551 57513
48476 48460
63254 63251
50653 50651
58320 58312
56755 56744
50064 50045
50448 50443
33267 33252
56602 56600
47167 47158
40610 40601
56968 56945
52955 52935
47143 47136
47340 47317
51430 51427
43538 43530
49372 49350
50709 50689
55506 55479
42177 42174
44634 44602
44649 44642
50213 50210
50475 50470
12589 12557
42654 42651
29047 28990
21290 21248
22228 22217
42742 42728
31424 31404
19780 19761
22701 22691
26289 26279
18152 18127
30951 30877
18494 18447
24101 24090
28957 28923
17570 17536
29747 29709
20034 20002
23879 23860
16747 16728
20749 20744
31783 31776
28479 28477
17945 17914
16058 16037
16967 16965
17069 17033
24644 24619
21605 21569
8371 8368
12964 12945
13073 13061
7421 7404
14142 14134
33930 33884
6675 6650
10611 10596
12207 12204
79696 79662
8158 8125
31970 31929
9573 9558
9425 9421
6647 6628
12245 12239
6627 6624
10933 10907
4314 4295
79830 79773
16220 16197
14427 14396
79199 79147
9337 9335
10480 10453
12278 12269
13261 13254
3934 3918
15330 15307
9854 9853
9871 9869
5771 5757
8425 8424
6235 6231
3112 3106
77773 77765
5178 5174
76732 76721
79858 79832
79722 79720
77650 77619
78004 77995
437 389
76085 76077
78606 78603
79227 79203
76566 76565
78477 78473
79489 79469
76939 76912
76056 76030
2987 2976
77078 77066
77832 77784
74763 74761
75323 75321
78347 78305
76403 76373
75448 75392
77382 77365
70628 70623
75179 75176
75867 75834
71734 71716
71168 71155
71745 71743
69339 69299
70192 70185
74070 74069
70853 70835
72039 72035
71968 71961
71090 71083
69675 69669
72362 72353
69501 69482
72404 72393
75576 75575
72084 72080
68610 68598
69029 69021
70999 70993
71687 71686
74555 74540
71060 71058
71043 71030
69903 69897
68867 68833
74290 74281
70616 70551
71647 71621
70621 70620
69014 69001
72536 72504
67743 67737
67933 67919
69624 69620
65935 65874
68367 68358
66236 66234
66107 66103
67482 67472
67395 67387
66474 66461
67811 67771
68046 68043
65709 65652
65794 65793
66718 66689
64416 64409
64946 64930
64792 64775
59852 59835
63362 63329
60738 60726
64197 64192
63101 63089
63454 63448
63074 63066
61546 61538
63110 63103
62448 62432
63618 63614
61886 61859
62553 62540
55908 55871
57751 57750
58814 58801
59712 59695
58549 58543
60884 60858
59127 59098
59760 59759
60018 60007
58407 58360
57249 57229
59950 59938
58292 58226
55994 55972
57470 57448
57167 57117
58154 58140
55584 55556
57860 57847
55839 55810
57061 57058
59659 59622
58875 58874
57552 57543
58224 58223
58799 58798
52375 52341
53530 53526
52893 52864
54036 53975
54744 54741
55779 55777
56531 56529
52462 52447
54639 54632
52335 52314
46009 45979
52266 52249
48430 48428
49031 48999
48542 48541
48746 48743
48595 48590
47667 47641
53009 52990
47244 47214
48734 48728
47368 47299
51721 51673
49374 49336
50010 50004
46106 46105
47186 47181
48368 48341
47768 47745
51129 51121
48063 48051
50336 50330
46930 46904
46333 46291
48032 48012
46067 46057
49950 49944
49273 49255
48092 48084
46889 46886
45925 45909
49970 49959
47063 47062
46271 46267
46859 46857
48688 48670
43446 43443
43620 43578
40959 40945
41194 41191
48044 48036
42538 42484
45637 45619
44672 44668
42336 42317
43102 43094
42072 42061
42028 42008
39971 39934
41236 41233
44560 44554
42717 42705
41374 41353
41334 41311
42474 42399
38603 38594
41994 41988
40168 40146
37481 37465
37895 37863
39862 39835
41565 41564
42297 42267
40622 40617
40862 40849
42696 42692
40356 40326
37724 37721
40538 40537
41871 41853
41642 41641
38987 38928
39128 39110
39695 39658
39273 39255
38405 38404
40828 40818
41541 41534
40925 40899
39650 39647
34490 34487
34116 34092
33022 33004
36808 36714
35418 35417
36629 36618
37918 37898
36195 36189
34472 34468
41412 41400
36593 36575
35947 35932
38072 38070
34956 34918
33123 33092
33393 33384
36111 36103
36381 36356
34030 33990
35812 35781
34673 34663
36856 36850
34725 34707
31916 31901
33839 33837
32183 32173
32163 32142
33060 33043
33595 33570
31803 31801
33001 32974
32109 32091
31181 31171
30947 30944
31627 31621
31052 31041
30153 30149
28534 28529
29976 29966
27883 27873
30896 30868
29886 29866
27795 27748
30546 30536
28895 28890
30481 30409
29517 29514
30339 30331
29593 29591
29482 29459
30987 30948
27659 27630
25077 25042
27108 27092
27688 27681
28799 28795
26881 26870
30775 30768
28625 28623
25659 25653
27447 27432
27907 27898
26312 26296
24827 24824
26789 26777
24113 24111
25695 25660
23354 23343
18196 18184
18399 18383
18644 18606
17000 16946
21363 21329
16081 16050
19441 19419
17387 17386
18713 18677
18538 18533
17264 17189
19584 19548
17465 17439
17630 17619
15170 15167
14137 14119
18493 18455
18167 18151
14473 14470
17433 17401
11939 11936
13739 13719
13703 13694
13756 13747
14211 14207
12381 12372
9449 9437
11718 11645
11373 11313
11984 11948
11747 11738
17346 17309
11593 11589
8738 8721
11187 11144
7279 7246
13129 13126
2271 2225
7362 7358
5395 5371
6172 6166
6575 6553
6809 6802
2326 2322
