252
52533 52511
54785 54765
56640 56381
57248 57226
57334 57282
57781 57714
58169 58144
58238 58237
59499 59426
61359 61326
61541 61524
63750 63718
64942 64826
65363 65342
66331 66287
66963 66877
69185 69121
70476 70413
71062 70992
71909 71788
75424 75390
75619 75607
76102 75881
76223 76177
76928 76846
79221 79193
189 167
523 460
5100 5052
5241 5226
5797 5766
6464 6436
8784 8723
9984 9956
11322 11259
10820 10816
11501 11497
19977 19908
19800 19729
29079 29049
31377 31359
33957 33921
34585 34548
50081 49989
52263 52251
64288 64144
67617 67538
67110 67052
67196 67144
67683 67654
71131 71072
73686 73638
73217 73190
74897 74781
73599 73591
77199 77159
78968 78935
79930 79844
79421 79385
79575 79495
79628 79612
77604 77509
76590 76584
76260 76237
75275 75180
74515 74501
74137 74114
72190 72154
71381 71274
71214 71186
70767 70764
70717 70630
70270 70249
70240 70183
70084 70017
69898 69873
69821 69803
69110 69081
69317 69246
68973 68972
68480 68436
66157 66093
66429 66363
65882 65839
62352 62163
62965 62940
62096 62066
61623 61559
60983 60969
60887 60806
58534 58479
58231 58177
57484 57465
55798 55756
54836 54809
54409 54332
53311 53307
53251 53234
53197 53196
52881 52874
52087 52082
51784 51770
51442 51438
51359 51340
51305 51293
51127 51072
50221 50136
49975 49796
49468 49225
48778 48735
48527 48511
47687 47680
47465 47460
47394 47388
47128 46995
45901 45853
43157 43142
41877 41866
42121 42019
40621 40535
40303 40277
39895 39846
38557 38533
39097 39034
37826 37812
37269 37252
35427 35420
34150 34119
33915 33859
33183 33108
33481 33475
31891 31866
30989 30952
30588 30480
28112 27977
27380 27338
28891 28803
27149 27137
26448 26402
25161 25124
24951 24883
23831 23696
20059 20010
22856 22814
22918 22914
20684 20598
19384 19369
18911 18910
18576 18475
13318 13314
11982 11903
9476 9455
8711 8708
8583 8556
8515 8416
6579 6564
6034 6026
5882 5857
5122 5115
4328 4315
4069 4050
3452 3435
3312 3280
3001 2991
2955 2946
2366 2348
2869 2775
79775 79769
79161 79153
1526 1472
78868 78842
78476 78307
78063 78044
77092 77076
75489 75447
74991 74938
74750 74673
74444 74423
74536 74516
74402 74355
74028 74002
73791 73714
73529 73527
73496 73479
73400 73333
72292 72240
72891 72772
71169 71145
70390 70341
70604 70588
70163 70143
69972 69946
69560 69523
69475 69464
68611 68557
68168 68142
68008 67988
67802 67791
66659 66576
66565 66538
65581 65559
65524 65486
65467 65431
65271 65253
65026 64977
65229 65144
64656 64630
64595 64576
64321 64298
64728 64707
63837 63776
63201 63167
62502 62489
62896 62866
62120 62112
61979 61856
61841 61770
60779 60756
60530 60449
60043 60031
59896 59840
59306 59293
59242 59240
59783 59772
59027 58741
58723 58714
58080 58057
57932 57914
57885 57882
57704 57688
57276 57270
57098 57024
56927 56866
55754 55737
55356 55317
54900 54859
54764 54673
54258 54208
53589 53522
54443 54415
53193 53163
52567 52550
52077 52068
51951 51945
50361 50322
51853 51802
51288 51212
49138 49116
48888 48815
48402 48371
48129 48107
47719 47700
