3712
72622 72561
73640 73634
72481 72391
73803 73778
75031 75010
73679 73675
73883 73868
75456 75432
74135 74102
71256 71246
74414 74400
75902 75861
73506 73495
77204 77188
79195 79173
76524 76518
76681 76640
75041 75035
74371 74285
75819 75815
73657 73654
74705 74678
75400 75378
76961 76941
74437 74424
75947 75938
76783 76764
79438 79394
78753 78732
78086 78074
77276 77274
78358 78341
6373 6347
3259 3257
78195 78183
9765 9761
12586 12528
7651 7639
4497 4495
2060 2006
4878 4784
19149 19141
25524 25493
21982 21973
31208 31118
20545 20498
19361 19356
30691 30670
30731 30723
29107 29050
31996 31995
37184 37166
34666 34602
50785 50779
57489 57485
36467 36455
48211 48183
39667 39656
45226 45213
47992 47983
68609 68608
47812 47779
52338 52328
56483 56479
53377 53353
69571 69539
63905 63865
54429 54428
60273 60272
1812 1797
56163 56142
53708 53701
58624 58610
70923 70910
17602 17543
68932 68920
73696 73691
75213 75203
73858 73828
63345 63337
67549 67518
55907 55904
79425 79423
275 259
1649 1640
78079 78078
14 11
560 542
78224 78179
1607 1597
1372 1338
578 566
1633 1626
1092 1085
948 936
2259 2218
3295 3275
2693 2674
1862 1850
1834 1829
3144 3138
2026 2020
2867 2852
3947 3944
3414 3404
3009 2974
4786 4773
4240 4209
4641 4584
3631 3622
3487 3477
6076 6039
4124 4112
5307 5302
4944 4936
6424 6378
5968 5916
6276 6208
5057 5054
6938 6915
5222 5203
6350 6340
6448 6425
8110 8105
7805 7786
11498 11495
9098 9067
8487 8453
7728 7714
8440 8438
8685 8639
6908 6891
11945 11940
10065 10027
10782 10747
11312 11266
10216 10189
11575 11556
12407 12400
11553 11542
14440 14411
12250 12229
12397 12379
14035 14032
13452 13439
13546 13524
17042 17027
13394 13368
16104 16090
14652 14650
16804 16793
18113 18065
17330 17177
16148 16136
16188 16155
16327 16325
18444 18430
17967 17942
16777 16769
16604 16578
18762 18725
17665 17578
17825 17805
17910 17907
18301 18297
18484 18471
20003 20000
18287 18282
18645 18592
18577 18568
19815 19806
20720 20715
18718 18697
19132 19129
19128 19108
18914 18904
19642 19637
19197 19180
19620 19611
19383 19372
20751 20746
20151 20006
20911 20871
20644 20587
20360 20357
20186 20158
20707 20703
21877 21873
21718 21665
23084 23069
22461 22424
22792 22781
23949 23918
22208 22178
22477 22471
24674 24652
24144 24120
23453 23428
25005 24971
25960 25915
25535 25504
27280 27268
26046 26035
28199 28198
27915 27862
28933 28929
26706 26664
26786 26740
27426 27422
28244 28209
27242 27224
29048 29044
28194 28162
28332 28318
29342 29335
29318 29291
31060 30993
28497 28485
29224 29210
29265 29230
28779 28770
30524 30514
32949 32923
30806 30759
30506 30497
29418 29417
29779 29749
31890 31889
28840 28808
34393 34392
33340 33329
32353 32329
36197 36166
34554 34551
36022 35993
37427 37408
36572 36561
37387 37370
37152 37138
38561 38511
37511 37477
38150 38137
37338 37325
37010 37009
37558 37513
37754 37751
38320 38312
38257 38246
39355 39343
37748 37739
38238 38216
38359 38323
38919 38908
37994 37970
40075 40065
39832 39775
40468 40467
38842 38830
39008 39005
40088 40078
39563 39551
39077 39021
40562 40557
40551 40541
40235 40227
41098 41093
40502 40480
40664 40635
40217 40212
41824 41806
40987 40968
41020 41019
40965 40934
41050 41045
41616 41587
41948 41941
41575 41559
41436 41420
44406 44359
43445 43409
42530 42501
43799 43788
45131 45118
45029 45022
44732 44721
44916 44901
44149 44097
45384 45349
46626 46583
48096 48081
46161 46157
45661 45634
45930 45926
49351 49345
52234 52147
50171 50165
49991 49951
52090 52086
50738 50735
50857 50846
52100 52099
50151 50143
53481 53476
52120 52118
50402 50392
51218 51193
52040 52018
51108 51084
53273 53272
54820 54775
54280 54274
54547 54545
52960 52936
52980 52977
56268 56267
56629 56627
57993 57978
56703 56680
57522 57495
58389 58377
57063 57041
56323 56320
56819 56818
58558 58526
57396 57309
56751 56722
56796 56767
57628 57619
57793 57752
58515 58497
58460 58435
58256 58250
58159 58155
58667 58647
57587 57549
57969 57964
57814 57807
58981 58978
59166 59153
59450 59417
57893 57881
60020 60006
59304 59261
58606 58601
60195 60166
58771 58758
60404 60390
59624 59584
59358 59353
60757 60745
60283 60261
61913 61869
61834 61826
63451 63426
64890 64862
64312 64285
62911 62899
64442 64434
63653 63611
64917 64891
65798 65785
63215 63214
63386 63365
65316 65275
66428 66427
65730 65717
70536 70499
69172 69160
70276 70264
70434 70421
71189 71184
70257 70253
71663 71655
71454 71441
70898 70864
71516 71511
71624 71622
71415 71394
71945 71942
72764 72747
71118 71114
73536 73512
73606 73595
77620 77547
77009 76997
73379 73303
72911 72883
75280 75255
75228 75119
76377 76367
75962 75954
75495 75476
75849 75820
76425 76421
76458 76456
76232 76164
76299 76281
76334 76323
76447 76429
75460 75459
76491 76480
76562 76560
77811 77806
77260 77250
77542 77478
78607 78596
78065 77992
79348 79330
77236 77221
77683 77642
78272 78221
78871 78818
79220 79214
7330 7324
2316 2305
7829 7787
5189 5185
4354 4347
5321 5315
11804 11730
1049 1036
5947 5853
9339 9334
547 537
4942 4929
5431 5429
6632 6612
9815 9811
10517 10493
14372 14345
14477 14472
20551 20549
21381 21319
16234 16225
17880 17875
17766 17750
17936 17885
20948 20932
19917 19900
19050 19020
27341 27326
24166 24158
20004 19994
22987 22962
23664 23654
15319 15317
24559 24546
25123 25121
23990 23982
23390 23376
27608 27586
30085 30053
29675 29648
25112 25095
28201 28124
31622 31611
31921 31892
32373 32332
34730 34690
32903 32898
28226 28219
25714 25709
32282 32276
27506 27503
40946 40907
36268 36265
35982 35965
39561 39493
40892 40885
41253 41249
39979 39975
40049 40034
41702 41686
35049 35047
40096 40066
47722 47708
41665 41655
36904 36803
40101 40098
40194 40152
46558 46477
38887 38884
42310 42305
48911 48908
42463 42437
54069 54009
51803 51785
55179 55165
58509 58433
54137 54076
57034 57013
67598 67595
58186 58185
68187 68176
57174 57129
64364 64334
62650 62636
65273 65252
63198 63179
66664 66661
61973 61966
64925 64897
70148 70118
68026 67992
69732 69731
67445 67418
74130 74128
73996 73989
74507 74500
68975 68952
72771 72741
71872 71853
12058 11995
32248 32207
39504 39277
56749 56685
76361 76327
77047 77015
45245 45237
32299 32280
74349 74301
30404 30119
73175 72999
1043 1030
828 780
1098 1096
1772 1754
216 200
1752 1703
4961 4952
423 405
63344 63211
111 63
482 458
2667 2621
4243 4242
4750 4717
2280 2267
4256 4254
2759 2707
2613 2612
2959 2948
5434 5430
7153 7129
5290 5283
6888 6827
7108 7104
6142 6140
6737 6736
5593 5585
6980 6965
7456 7372
12737 12732
8631 8625
9118 9108
12152 12146
8116 8115
10690 10594
9308 9306
10739 10738
5762 5730
10724 10718
8919 8906
12142 12120
6331 6318
8636 8635
11653 11602
13087 13064
8545 8532
13102 13093
10974 10932
13152 13144
12273 12268
15548 15545
14917 14881
15203 15171
14750 14668
15079 15069
14667 14658
18361 18317
17102 17095
17391 17347
19358 19318
19272 19267
18821 18781
19597 19585
18427 18424
21058 21027
21354 21347
21600 21529
23733 23723
22638 22637
22773 22756
25235 25224
23695 23694
24251 24250
25499 25475
26427 26416
24316 24315
25878 25857
24927 24910
26845 26828
27615 27611
27404 27402
26919 26918
27815 27804
29038 28935
27457 27430
28905 28903
29181 29151
26984 26977
27559 27550
27861 27858
32488 32479
29714 29711
30531 30525
27546 27523
29626 29621
30459 30430
30698 30683
29529 29521
30883 30874
30891 30885
31134 31129
32367 32363
30682 30604
31945 31925
30975 30914
31125 31121
31437 31421
36300 36295
37831 37828
35761 35744
35714 35702
39476 39457
36073 36059
37693 37657
36963 36920
41212 41200
43733 43667
41195 41129
41091 41090
43836 43822
44352 44338
42709 42691
46797 46782
47305 47302
46730 46727
51018 51010
49114 49100
47077 47076
47383 47373
47633 47610
47042 47032
50602 50598
48142 48141
49391 49388
50594 50582
50485 50474
52358 52348
54138 54112
52804 52785
52052 52050
52765 52709
53337 53314
55258 55220
53473 53459
53063 53058
54218 54203
52472 52466
52432 52373
53555 53524
55481 55478
55022 55005
55913 55903
55428 55419
56397 56392
57749 57745
57674 57664
59045 59021
59131 59116
60688 60674
59198 59168
59367 59366
61493 61492
59328 59323
59650 59643
59244 59238
66009 65924
63364 63352
64743 64741
66975 66908
68822 68777
69804 69800
67132 67081
67392 67328
67018 67016
69638 69611
71208 71205
70355 70327
69796 69770
69931 69909
69469 69425
70242 70203
71710 71685
69825 69820
71569 71559
71876 71873
71854 71844
69583 69548
71075 71052
72046 72031
72194 72174
72068 72050
72686 72660
71802 71792
73770 73718
77105 77095
74420 74416
75364 75339
73956 73932
74580 74577
72944 72941
74570 74544
78389 78368
74541 74527
75373 75368
75931 75924
76871 76784
75413 75409
79880 79834
77327 77324
76091 76058
75805 75741
78398 78395
77718 77690
77882 77856
1805 1794
79700 79692
1386 1362
651 634
78928 78882
79929 79895
1498 1448
586 568
2421 2381
1550 1536
1757 1732
2295 2207
2333 2318
943 924
1221 1207
2584 2429
7742 7693
3549 3545
3768 3760
3366 3348
3320 3306
2074 2067
4434 4412
5006 4989
4071 4043
5500 5458
5170 5168
5030 5011
5242 5198
9633 9613
6576 6525
6089 6067
5345 5341
6456 6454
6702 6701
6884 6847
8082 8079
9211 9188
9925 9907
14233 14225
14595 14568
15630 15618
14905 14896
16725 16653
16408 16376
16488 16487
15350 15341
16010 16005
16068 16025
15769 15716
17273 17272
16639 16605
16186 16179
16370 16362
18352 18327
17131 17077
17806 17804
16139 16130
19307 19258
19417 19411
19013 18980
17557 17517
19326 19319
18197 18193
19374 19363
18866 18855
19880 19837
17672 17603
21115 21114
20176 20152
21551 21540
22356 22354
24543 24532
22813 22808
21169 21165
22204 22184
26575 26571
22542 22463
23326 23321
23972 23969
24106 24079
23202 23116
25157 25147
25544 25536
23474 23456
25734 25717
25481 25419
25622 25591
26002 25985
26113 26081
26182 26159
28092 28088
26495 26482
25883 25872
26783 26775
26442 26421
27184 27156
25938 25933
27716 27701
27129 27125
28038 28027
27109 27084
27237 27236
28531 28521
26410 26343
27227 27218
28369 28363
27408 27368
26903 26898
29384 29379
30623 30619
32127 32125
31249 31229
31343 31338
31780 31768
33618 33578
30901 30870
31832 31822
31873 31856
35277 35263
33516 33508
34473 34469
32932 32922
34046 34042
34290 34280
34912 34909
35435 35424
35670 35662
35348 35325
35158 35157
35064 35059
35958 35948
40104 40103
38706 38686
39019 38927
43168 43126
39464 39444
39843 39791
42410 42382
40530 40481
41645 41619
40630 40534
39869 39868
42069 42053
41381 41365
41104 41078
41513 41509
42663 42620
42937 42921
43383 43333
44812 44811
43628 43606
43259 43240
43897 43896
43756 43743
44479 44473
47547 47515
43399 43386
43868 43851
47052 46953
46145 46138
48529 48514
49486 49471
50074 50068
49624 49613
49383 49380
51855 51831
51215 51195
52063 52007
53763 53719
57010 56998
54993 54963
59785 59784
58251 58244
60289 60274
59720 59719
60182 60108
60837 60833
59970 59865
60216 60201
60813 60810
60461 60451
60377 60349
60854 60842
60242 60217
60586 60575
60502 60481
60737 60687
61915 61914
60866 60863
61271 61267
60800 60776
62190 62188
62793 62759
60924 60911
63588 63534
62997 62991
63642 63629
63027 63003
63680 63671
64670 64666
65223 65211
65530 65516
66077 66048
70168 70153
69791 69761
70537 70505
70599 70585
72230 72216
71061 71034
72964 72958
71611 71598
71103 71073
71481 71480
71587 71583
73032 73027
75663 75633
72675 72665
72315 72313
72282 72281
72861 72835
73511 73502
73174 73173
75568 75546
75751 75747
74105 74103
77477 77417
77019 76955
76596 76569
77815 77813
78317 78315
77807 77782
78110 78091
79643 79609
79293 79291
3185 3120
3994 3970
38 79950
6860 6850
20185 20168
27049 27028
28450 28430
16479 16429
50587 50394
26741 26736
15748 15737
19196 19172
23553 23531
55311 55283
36914 36907
32355 32354
58638 58611
67625 67624
47863 47848
706 689
52791 52692
59565 59550
78743 78741
43447 43441
68335 68333
64821 64791
71263 71251
78186 78114
72514 72506
60077 60048
58403 58290
822 800
1361 1317
70854 70783
1928 1886
1204 1200
3666 3572
3829 3815
2798 2768
4125 4103
4674 4600
3211 3184
5629 5610
5644 5637
5598 5581
5527 5510
5698 5660
4765 4753
6344 6332
5768 5750
7781 7780
6756 6710
7520 7515
7385 7337
11195 11143
8242 8230
9057 9044
9514 9467
9570 9554
10710 10702
10096 10038
10461 10425
10184 10130
12082 12033
12779 12730
12307 12286
12014 11908
14849 14834
15577 15557
14509 14495
14081 14072
16824 16820
17788 17768
15918 15871
16584 16568
19123 19119
18209 18201
20142 20133
19989 19988
18524 18501
18275 18233
18386 18363
20665 20658
19582 19541
19165 19153
20380 20321
20099 20045
21091 21071
21275 21270
19330 19327
20250 20237
20686 20685
21661 21595
21894 21885
21965 21960
21523 21511
21216 21186
22949 22844
22227 22223
22761 22713
21874 21847
25089 25045
23319 23294
23968 23881
24992 24962
27305 27291
26945 26922
27633 27631
29955 29931
29872 29849
29413 29393
31075 31073
29468 29428
31354 31352
30544 30530
31506 31460
30528 30503
31215 31211
32717 32651
32724 32720
32052 32028
31731 31698
32194 32184
32769 32727
31455 31372
32555 32455
33913 33909
33028 32955
34408 34368
33182 33170
33233 33208
32117 32055
33684 33679
34347 34329
36069 36040
33265 33239
35209 35193
33094 33070
35285 35281
35530 35523
37498 37497
36521 36509
36774 36756
35816 35787
35412 35409
36631 36603
35922 35894
36021 35999
36723 36722
37921 37796
37592 37515
37608 37604
38324 38311
37159 37103
37453 37412
37038 37008
38242 38193
39936 39928
41467 41451
40881 40825
41719 41712
41870 41864
41065 41064
42363 42326
42215 42172
40669 40657
42534 42519
43104 43089
44084 44004
43483 43457
43960 43959
43564 43535
43677 43654
44266 44256
43029 43025
43930 43916
47202 47180
46709 46655
45764 45762
47396 47344
45464 45448
46910 46865
46566 46564
49110 49104
47826 47818
48322 48254
48068 48020
47774 47729
48112 48105
49157 49154
48617 48591
49530 49496
49897 49885
50532 50505
49737 49726
49566 49540
52089 52065
51015 50962
52104 52092
52768 52759
51653 51652
50953 50941
54598 54478
54354 54346
54325 54290
53451 53449
54780 54756
54674 54661
54466 54446
56271 56176
55309 55307
56360 56349
57961 57958
56792 56773
57665 57627
58038 58005
57259 57199
57121 57120
57786 57776
58101 58092
58546 58530
59161 59143
58657 58643
58991 58990
59802 59801
62404 62401
60570 60560
61557 61555
61264 61117
61653 61640
61616 61589
62080 62036
62707 62677
62950 62939
63446 63376
63978 63941
65179 65173
65632 65624
66925 66852
64158 64145
65720 65696
64591 64530
64693 64672
66796 66793
68584 68574
66958 66942
66712 66691
68553 68552
67114 67094
68075 68074
67180 67165
68169 68162
69152 69140
69945 69936
70579 70546
69535 69488
69354 69351
70331 70295
71474 71462
70629 70617
70666 70638
70893 70878
71359 71330
71187 71177
71532 71498
71691 71681
71774 71756
72729 72685
71541 71535
71993 71991
72149 72134
72271 72237
72321 72319
74598 74593
74812 74810
76292 76283
78088 78076
76952 76900
76001 75969
77088 77058
76750 76731
77833 77821
77663 77590
78174 78171
1104 1052
79513 79464
77295 77265
78500 78489
79051 79000
79454 79429
79573 79572
77876 77848
79707 79691
78776 78721
1737 1678
7505 7426
6548 6521
3943 3907
8128 8064
5280 5269
9829 9780
12492 12421
9924 9905
10608 10607
10867 10857
14574 14563
16632 16625
15076 15048
11789 11739
15491 15448
14206 14033
16215 16212
16543 16542
15032 14977
13630 13628
18966 18946
20166 20139
17861 17732
18179 18117
21417 21332
19693 19546
14927 14893
22444 22417
25315 25288
20420 20414
27335 27316
28404 28339
27115 27094
29910 29900
29046 28947
27445 27441
22673 22502
33334 33194
36105 35983
35481 35443
36409 36379
37809 37799
38913 38825
37344 37303
41268 41251
46447 46438
32334 32331
39994 39958
46041 45929
65815 65689
72956 72915
72568 72535
75830 75724
67033 67004
69622 69598
76508 76463
75060 75011
2747 2743
2696 2639
4135 4132
3849 3836
2714 2709
5817 5773
3025 3017
7531 7523
6794 6783
8388 8373
11541 11504
10485 10471
9355 9342
11571 11554
11642 11641
11697 11695
12935 12915
16909 16885
13535 13526
15791 15775
15665 15660
15813 15807
16963 16920
22004 21990
21784 21703
23637 23631
24902 24805
23846 23845
24949 24943
26246 26204
24317 24287
27808 27801
26468 26462
27365 27356
29158 29148
26690 26687
30757 30732
28847 28775
29345 29326
31275 31264
31961 31950
33779 33777
31557 31526
32432 32419
32570 32561
32258 32254
34273 34262
34211 34208
37236 37207
34241 34234
34251 34247
34054 34047
37239 37237
35574 35546
35483 35468
40150 40144
38740 38733
39188 39185
39166 39165
38538 38510
39299 39282
41221 41187
39179 39173
41508 41505
41586 41583
41361 41330
41599 41597
42296 42286
42733 42727
43076 43042
44333 44323
44631 44598
43233 43230
45211 45167
46212 46183
45940 45939
45519 45502
45092 45065
46634 46627
48498 48484
47894 47879
47483 47470
48135 48119
50728 50708
52241 52220
50121 50105
50624 50622
49203 49201
54418 54392
53673 53644
55498 55439
55668 55660
54717 54689
52995 52971
55397 55392
55562 55513
54224 54211
56445 56363
55902 55859
55789 55724
58156 58119
60660 60641
59492 59475
60437 60427
60770 60768
59773 59727
58825 58824
62092 62086
64261 64219
62034 62028
62603 62600
63225 63209
64885 64702
63798 63780
62534 62514
69263 69203
65978 65928
65153 65129
67689 67685
66253 66244
65766 65755
68993 68985
68103 68086
68420 68349
71265 71232
71305 71273
69334 69296
69681 69581
69905 69902
70474 70472
70943 70939
73273 73248
73403 73385
72036 72033
71437 71374
72644 72528
78610 78541
71934 71910
74655 74626
73581 73579
78905 78872
75309 75284
74352 74335
78788 78786
74405 74363
949 891
1141 1128
97 74
79080 79058
150 149
6099 6083
1342 1170
320 306
2174 2108
2903 2886
3866 3843
3533 3516
5324 5292
6351 6319
8670 8614
7419 7408
8363 8304
10745 10744
10405 10331
10279 10172
12857 12813
13483 13465
10715 10675
13851 13789
14352 14259
14848 14829
12385 12382
14661 14604
15337 15289
14726 14702
20115 20102
16113 16094
17275 17246
14764 14741
19245 19240
14871 14856
24573 24558
24852 24778
21084 21019
27637 27613
27428 27411
26514 26472
28231 28153
27278 27272
29791 29775
29607 29527
33458 33339
30107 30083
31111 31062
33806 33486
31985 31964
32853 32847
35518 35513
35200 35199
37502 37456
35136 35052
40436 40409
39599 39591
40514 40454
44138 44085
42482 42462
44300 44217
44158 44145
45731 45708
49609 49600
48336 48257
48588 48551
51941 51867
47833 47754
52172 52107
51740 51690
53650 53592
52836 52794
54007 53865
54506 54463
55901 55807
56157 56067
56347 56306
56017 55990
58604 58547
58471 58415
59914 59897
59690 59646
60428 60180
61170 61041
60705 60613
63122 63117
66340 66339
61300 61182
66241 66163
68803 68680
68129 68118
66528 66436
67298 67230
65887 65886
67980 67937
69424 69355
66821 66694
67345 67336
69352 69318
69225 69191
77366 77268
76461 76399
78502 78493
79822 79796
6835 6798
77149 77099
77869 77838
79032 78984
295 220
2657 2631
3722 3647
4041 4029
4967 4921
4855 4831
5265 5253
9320 9303
9293 9235
9679 9649
16521 16497
18457 18442
18809 18767
16795 16697
20757 20721
18345 18218
20954 20924
20363 20206
21916 21831
23520 23425
23232 23153
23137 23060
23310 23243
24364 24362
24234 24180
24149 24119
24097 24086
24990 24973
24301 24294
26863 26746
26649 26586
27204 27157
27540 27465
26913 26871
27691 27668
28585 28519
27021 27015
27788 27771
27283 27282
31667 31624
31448 31395
31920 31915
32145 32130
32759 32660
31827 31804
34232 34217
34322 34292
35575 35552
38263 38181
37213 36953
38013 37992
38517 38486
38289 38264
39945 39933
41110 40944
39011 38962
38662 38579
38576 38562
40644 40633
41164 41147
42786 42697
41968 41889
42273 42271
43264 43200
47719 47700
50361 50322
52567 52550
51853 51802
51288 51212
54764 54673
48888 48815
52077 52068
54785 54765
57704 57688
57932 57914
58080 58057
59027 58741
59499 59426
59306 59293
59242 59240
59783 59772
61841 61770
65363 65342
65026 64977
65271 65253
66331 66287
66659 66576
65524 65486
69972 69946
70476 70413
68168 68142
68611 68557
74444 74423
74536 74516
73400 73333
71909 71788
74402 74355
74028 74002
74750 74673
75424 75390
75619 75607
76102 75881
74991 74938
75489 75447
76223 76177
76928 76846
79221 79193
189 167
523 460
79775 79769
2869 2775
3312 3280
4328 4315
5100 5052
6034 6026
5882 5857
5122 5115
6464 6436
8784 8723
9984 9956
10820 10816
11322 11259
19384 19369
19977 19908
22856 22814
20059 20010
29079 29049
34150 34119
33915 33859
34585 34548
39097 39034
37826 37812
38557 38533
47465 47460
47394 47388
45901 45853
48778 48735
49468 49225
52087 52082
52881 52874
53197 53196
53311 53307
54836 54809
53251 53234
55798 55756
58231 58177
57484 57465
54409 54332
60983 60969
61623 61559
62965 62940
62096 62066
64288 64144
62352 62163
68480 68436
69110 69081
71131 71072
74137 74114
74515 74501
75275 75180
78968 78935
79930 79844
79421 79385
79575 79495
77604 77509
79628 79612
76590 76584
77199 77159
76260 76237
73599 73591
74897 74781
73217 73190
73686 73638
72190 72154
71381 71274
71214 71186
70270 70249
70084 70017
70240 70183
69898 69873
70767 70764
69821 69803
70717 70630
69317 69246
67683 67654
67196 67144
68973 68972
67110 67052
67617 67538
66157 66093
66429 66363
65882 65839
58534 58479
60887 60806
52263 52251
51359 51340
51442 51438
51784 51770
50221 50136
51127 51072
51305 51293
49975 49796
50081 49989
47687 47680
48527 48511
43157 43142
40621 40535
47128 46995
42121 42019
40303 40277
39895 39846
41877 41866
37269 37252
33957 33921
35427 35420
33183 33108
33481 33475
31891 31866
30989 30952
31377 31359
30588 30480
28112 27977
27149 27137
28891 28803
24951 24883
27380 27338
26448 26402
25161 25124
23831 23696
19800 19729
22918 22914
18576 18475
18911 18910
11501 11497
20684 20598
13318 13314
11982 11903
8711 8708
8583 8556
8515 8416
6579 6564
5241 5226
5797 5766
4069 4050
3452 3435
9476 9455
3001 2991
2955 2946
2366 2348
1526 1472
78868 78842
79161 79153
78476 78307
78063 78044
77092 77076
72292 72240
71169 71145
72891 72772
73791 73714
73529 73527
73496 73479
71062 70992
70390 70341
70163 70143
69185 69121
70604 70588
69475 69464
69560 69523
67802 67791
68008 67988
66963 66877
66565 66538
65467 65431
65229 65144
64656 64630
64595 64576
63837 63776
61979 61856
65581 65559
64942 64826
64321 64298
64728 64707
63201 63167
63750 63718
62120 62112
62896 62866
60779 60756
62502 62489
60530 60449
59896 59840
60043 60031
61541 61524
61359 61326
58723 58714
57885 57882
58238 58237
58169 58144
57781 57714
57248 57226
57334 57282
57098 57024
57276 57270
56927 56866
55754 55737
53193 53163
54900 54859
55356 55317
56640 56381
54443 54415
53589 53522
52533 52511
54258 54208
51951 51945
48402 48371
49138 49116
48129 48107
46993 46992
47991 47951
46656 46628
46616 46568
46410 46405
47425 47410
47672 47614
45279 45273
45102 45023
46541 46522
44064 43923
43412 43378
43522 43472
44526 44505
46504 46486
44835 44650
44988 44969
45000 44993
43020 43016
41484 41472
39636 39616
39795 39759
42931 42844
39587 39560
37436 37410
36887 36616
36251 36224
35880 35866
35511 35494
35371 35340
35976 35930
34927 34916
34470 34461
38069 38047
34431 34352
34764 34593
33058 33047
29896 29812
27899 27859
31512 31509
30842 30820
29743 29638
24766 24743
26727 26695
26390 26278
24735 24622
26080 26020
24512 24450
25993 25977
25779 25724
23963 23871
23389 23382
22722 22688
21752 21640
22859 22857
21150 21093
21432 21418
19360 19350
18663 18651
17409 17393
16943 16901
19080 19041
18441 18398
16832 16807
14460 14430
15438 15390
14029 14007
16403 16379
13959 13945
12957 12873
12687 12569
15888 15803
12300 12292
10456 10428
11613 11522
11399 11362
9892 9861
11482 11480
11175 11069
9079 8934
9942 9930
9836 9834
10324 10292
7891 7862
7953 7942
7389 7327
10017 10012
9197 9184
8895 8789
7690 7674
7642 7615
7182 7059
6786 6761
7760 7748
6253 6249
4554 4521
4477 4455
2689 2670
2046 1832
2423 2406
831 787
427 416
758 739
78667 78621
78602 78571
79337 79318
76773 76703
79993 79956
79168 79166
75586 75543
75380 75379
73302 73296
77787 77677
74080 74068
74264 74260
72430 72401
73855 73839
72322 72299
72126 72120
72099 72097
70135 70114
69872 69864
71484 71446
69678 69653
68107 68093
68542 68485
64540 64526
64143 64102
61438 61398
64773 64745
64502 64366
57567 57529
56948 56946
57870 57785
55271 55207
53861 53825
53162 53157
52374 52286
55176 55151
53517 53442
52634 52615
53434 53390
54299 54264
50687 50671
51659 51550
51431 51398
51068 51017
50995 50944
50940 50870
48487 48485
48359 48342
47197 47188
49076 49023
46514 46510
45672 45600
47300 47274
48054 48031
45593 45585
47264 47209
45469 45460
45187 45105
44608 44571
44863 44851
43770 43724
43666 43630
43001 42993
40264 40259
40911 40823
45440 45348
43704 43675
39251 39231
38453 38446
37708 37562
41749 41515
39262 39258
35683 35646
40240 40189
40045 40025
38436 38418
35849 35704
34839 34831
36528 36443
32420 32400
34866 34862
32639 32591
32202 32166
32105 32073
31350 31226
34539 34479
31507 31484
30787 30778
28728 28656
27264 27261
25675 25633
25249 25221
24444 24442
25569 25568
25941 25885
29365 29270
22870 22867
24874 24858
22408 22316
23617 23554
20850 20808
22480 22473
21638 21617
21828 21822
19414 19397
20571 20473
24614 24587
19213 19210
15584 15507
17203 17115
15382 15340
9576 9550
13714 13690
12228 12143
13773 13724
7972 7959
5749 5702
5950 5886
4268 4235
8033 8010
5597 5438
7024 6923
4155 4147
2590 2586
2630 2618
2266 2175
7278 7185
1452 1417
1796 1778
1641 1634
78795 78789
79369 79297
75827 75821
76162 76124
74946 74942
75817 75813
74036 74024
73979 73946
73053 73046
72784 72774
72016 72003
70267 70265
71810 71800
70464 70458
70451 70337
69896 69894
67731 67726
68806 68768
66929 66926
68156 68151
68067 68052
66553 66536
65045 64928
64649 64631
66578 66569
66597 66594
66399 66276
64528 64512
65890 65873
61874 61849
63743 63739
61637 61628
61331 61319
61793 61788
61370 61353
59703 59696
61739 61673
61079 61070
58366 58348
59623 59561
58676 58665
58598 58559
58319 58318
57700 57681
57095 57076
57428 57423
56548 56509
56695 56693
55838 55817
54959 54882
51741 51739
52800 52780
51368 51316
52416 52367
50668 50650
50167 50148
51527 51520
49148 49147
49056 49040
49639 49636
49024 49003
48995 48987
49339 49323
47145 47066
47686 47676
48473 48470
47673 47656
46939 46925
45581 45531
46324 46322
47162 47154
41972 41970
41777 41747
41960 41940
44435 44427
41969 41965
41556 41551
41831 41825
41496 41469
40279 40250
39786 39765
38153 38107
37791 37783
37665 37660
38426 38421
39732 39703
37333 37332
37495 37469
35135 35078
34587 34511
34425 34415
34851 34804
33951 33917
33768 33766
33571 33560
33414 33313
31683 31647
30210 30203
31047 31018
30397 30391
31365 31355
30188 30181
29042 29035
30783 30781
28078 28044
29324 29312
29801 29798
26558 26517
26056 26053
28674 28576
24422 24411
25290 25187
26726 26691
29750 29717
23622 23573
24261 24242
26986 26979
23486 23478
21843 21821
25680 25671
23755 23748
21175 21173
21459 21420
22639 22554
22261 22253
21251 21238
21100 21094
17743 17676
18823 18820
22142 22132
20630 20616
22100 22046
20472 20423
18036 18029
17430 17383
19520 19474
19226 19170
15868 15849
17953 17948
16296 16267
16794 16761
14807 14805
13520 13503
14284 14271
13784 13757
8057 8015
10387 10378
8710 8582
7398 7396
5278 5276
7948 7938
3182 3071
5573 5565
4925 4882
3882 3863
2928 2917
4472 4463
3456 3451
2427 2424
1765 1758
79292 79286
78796 78791
2912 2866
1264 1222
3517 3514
78018 77941
1125 1115
685 681
72714 72684
70904 70896
76700 76647
1191 1169
74203 74169
69798 69782
65546 65531
69775 69698
72220 72209
63897 63893
62683 62681
62463 62377
70627 70606
62104 62101
63591 63480
63976 63940
66843 66831
60925 60900
55017 54954
55619 55448
58659 58640
60168 60156
70928 70915
55203 55201
56844 56757
62865 62826
52671 52661
54910 54904
54046 54039
59625 59585
50801 50714
51192 51164
50291 50239
46703 46673
44399 44360
52450 52412
49718 49714
47942 47864
46401 46330
43894 43843
41449 41372
46244 46127
45844 45750
42390 42373
41996 41973
41839 41836
40711 40683
32051 32010
29939 29929
26261 26203
27558 27552
34069 34035
30058 29967
17354 17328
38791 38730
22291 21962
20443 20431
6900 6863
11692 11647
9618 9592
7741 7720
5407 5353
12128 12064
4638 4613
79850 79845
78439 78399
3755 3748
77169 77147
77759 77720
77145 77143
78328 78319
77314 77306
76809 76807
77114 77091
76203 76165
75534 75502
75593 75588
75348 75346
75956 75914
75182 75172
74928 74925
74725 74690
75412 75352
74856 74824
75168 75154
74809 74806
75878 75860
74023 74018
73925 73908
74156 74143
74174 74160
74523 74511
73820 73802
73784 73771
73639 73619
73884 73860
73577 73571
73565 73564
73103 73074
73431 73417
72812 72798
73036 73035
72520 72475
72980 72974
72332 72323
72469 72437
72832 72828
72422 72389
72173 72163
72121 72044
71908 71887
71834 71827
70683 70667
70067 70032
70798 70745
69430 69376
69348 69335
69180 69174
67752 67739
68468 68434
70243 70191
68072 68071
68826 68818
69130 69101
67039 67020
67008 66960
66190 66087
68209 68195
67943 67929
64117 64033
63603 63601
63737 63733
64205 64198
63730 63704
63107 63076
62864 62846
63669 63644
62986 62984
62723 62710
62624 62614
62350 62341
62585 62575
62931 62897
62495 62479
62226 62215
62199 62193
62182 62173
61944 61919
60982 60973
60064 60061
59861 59856
61046 61037
60551 60516
59826 59807
62337 62325
60052 60042
60019 59992
60319 60305
59073 59016
59310 59268
58892 58883
59792 59790
59678 59668
59171 59162
58088 58074
58862 58859
58194 58192
57775 57737
57856 57789
57899 57892
57560 57541
57464 57430
56856 56833
55643 55599
56089 56068
58173 58160
56565 56549
56051 56005
55983 55964
56346 56299
55134 55130
55238 55206
53996 53945
54472 54469
53435 53396
53119 53093
53818 53783
52480 52456
52212 52197
53629 53622
53532 53501
53876 53870
53208 53194
53240 53232
51498 51451
52005 51972
51616 51595
51066 51021
53164 53126
51777 51753
50440 50415
50894 50891
50203 50195
50491 50478
50384 50364
50024 50018
49955 49915
50753 50749
50002 49966
49167 49164
49610 49607
48906 48814
48229 48225
46576 46574
46414 46353
44210 44206
44755 44743
45894 45883
44729 44708
46312 46279
47598 47564
44695 44688
46618 46610
44594 44572
44492 44482
44659 44636
44557 44549
45048 44999
45095 45093
44385 44367
44151 44136
43889 43871
43301 43269
42823 42780
42720 42702
42165 42160
42418 42416
42908 42884
42753 42747
42032 41976
41039 41002
41925 41879
41735 41726
40136 40122
39629 39573
39365 39330
39371 39370
41321 41294
39308 39306
39312 39311
39098 39060
39040 39026
40236 40215
38675 38670
38840 38839
38050 38010
39281 39250
38868 38846
37737 37706
38504 38465
38629 38609
37059 37055
36673 36663
36922 36917
35613 35586
35378 35356
33902 33891
35259 35257
34794 34782
34022 34000
34505 34497
31751 31746
30958 30938
29276 29259
28758 28756
28997 28978
27956 27851
29217 29199
30242 30211
29189 29166
28515 28435
30428 30425
28743 28719
28105 28096
26677 26661
27151 27141
27448 27425
25906 25894
27079 27073
26885 26839
26774 26754
26136 26117
24464 24432
25297 25294
25403 25383
26634 26597
27031 27018
24710 24649
25578 25571
25336 25321
24194 24191
24577 24570
23837 23826
23730 23704
23450 23446
24592 24583
24410 24398
23559 23544
23783 23777
21585 21574
22711 22685
21134 21125
20421 20418
21006 20971
20406 20404
20036 20033
18440 18425
18811 18769
18170 18169
19101 19064
17072 17022
16128 16097
18320 18292
16305 16301
18908 18876
18136 18132
17497 17494
17175 17145
15700 15669
14152 14130
15966 15939
13675 13670
14955 14907
15937 15932
14204 14201
14166 14162
13615 13604
13464 13413
13662 13635
13043 13026
12664 12620
13307 13274
13386 13379
13022 13006
12177 12147
12887 12824
12691 12689
10248 10238
11407 11397
12338 12309
11485 11419
11330 11327
11608 11599
10947 10910
11111 11079
11074 11038
10978 10973
10830 10805
9596 9582
9380 9379
9324 9261
8541 8505
8799 8752
8494 8468
8270 8269
8213 8197
7999 7996
8330 8284
7476 7447
7308 7294
6781 6768
6836 6796
8974 8952
6476 6475
7126 7079
7133 7131
6944 6887
6062 5956
6326 6245
5739 5710
4303 4189
5563 5560
4779 4768
4016 3885
4441 4440
4460 4448
3482 3470
3332 3322
2823 2818
2161 2154
2133 2105
3286 3278
5121 5104
1593 1559
1993 1936
3465 3457
2376 2356
1623 1618
162 116
1064 1058
2195 2186
777 728
794 785
722 718
39 26
78567 78521
1787 1771
68850 68834
46977 46962
42180 42142
42295 42282
34981 34953
31730 31672
29195 29182
29266 29234
68078 68047
28463 28454
19905 19829
13582 13576
10156 10068
13244 13077
8406 8375
6700 6699
11012 10987
3543 3540
18899 18833
78866 78812
79216 79171
78535 78534
78697 78629
78075 78021
77923 77916
79940 79902
364 352
78019 77989
77563 77481
2545 2487
77262 77256
76800 76772
76427 76426
76090 76069
76112 76103
76859 76831
76455 76452
77234 77185
74092 74067
76043 76014
74499 74456
75200 75195
75478 75428
74267 74256
75137 75128
73733 73726
73376 73336
73114 73113
71709 71704
71031 70974
67892 67875
69884 69817
69805 69799
67658 67650
70182 70179
67803 67781
70826 70813
67161 67157
66747 66721
69373 69364
69093 69045
68550 68525
67314 67208
69187 69182
66478 66464
66222 66214
67864 67825
68509 68505
66489 66480
65991 65986
66457 66440
65722 65721
65804 65774
65870 65817
65068 65060
67638 67605
66658 66625
65385 65334
64286 64271
64429 64405
65449 65413
64191 64182
62435 62415
63348 63347
62745 62737
61489 61485
61957 61947
61545 61516
59445 59437
60685 60677
58945 58894
58400 58374
58821 58755
57874 57873
56997 56963
56764 56723
59260 59192
57300 57274
55376 55375
58855 58852
59350 59339
57057 57037
55292 55268
56456 56453
57415 57310
54284 54251
56462 56457
54623 54622
52744 52695
52856 52802
52564 52491
52688 52687
53288 53281
55002 55001
53268 53262
53052 53003
52682 52668
56615 56604
53600 53588
52606 52576
52440 52423
51881 51878
49848 49810
51265 51254
51304 51274
48953 48938
48635 48630
48789 48784
49307 49262
50773 50762
49238 49214
48752 48730
50696 50683
48434 48398
49194 49172
46946 46943
47458 47416
46276 46259
48781 48766
49773 49771
46072 46054
45814 45787
45974 45967
45876 45830
45727 45697
46339 46329
45821 45819
44965 44928
47337 47222
45312 45290
44235 44227
43434 43426
44287 44271
44998 44990
42547 42535
41403 41384
40316 40300
38563 38551
40466 40416
38586 38568
39698 39685
39420 39407
36949 36947
37409 37362
37654 37632
36646 36643
38799 38766
38100 38056
39248 39244
37926 37922
38416 38377
38369 38366
38508 38507
36495 36472
38820 38810
37618 37609
36330 36326
36212 36200
35730 35724
35701 35692
35655 35639
36396 36354
33826 33807
32007 32003
32872 32798
32582 32576
30498 30466
29572 29563
31315 31276
30988 30980
30004 29971
30383 30362
30323 30309
29840 29819
30417 30413
27577 27526
29540 29469
28282 28242
30934 30916
28977 28904
29376 29355
28573 28563
25783 25751
25182 25170
24368 24357
26301 26280
23857 23856
22436 22428
21063 21012
22407 22381
23271 23210
21956 21946
20774 20699
20614 20613
18125 18078
21414 21396
20117 20111
20606 20605
19706 19641
19958 19955
19606 19596
19448 19423
16434 16415
18756 18690
18161 18153
16462 16437
16999 16987
14982 14979
14724 14717
12107 12084
12402 12376
13549 13537
14221 14215
14063 14057
14763 14737
12236 12213
12722 12711
11713 11706
14712 14626
12467 12440
11882 11843
9944 9932
9042 9001
11389 11342
10359 10311
14395 14393
7033 6969
10637 10590
10297 10267
7269 7255
8353 8350
6655 6639
6189 6171
8139 8095
5449 5446
4702 4699
4553 4542
5179 5171
3737 3678
6127 6103
2916 2915
4955 4951
77894 77889
3424 3374
78950 78947
2 79985
983 982
79597 79595
79949 79934
397 303
78455 78440
78731 78717
77971 77951
598 590
78691 78614
1424 1391
77461 77451
75004 74986
76514 76501
76574 76567
73905 73887
74046 74027
73437 73421
73164 73158
72922 72917
75331 75289
74197 74170
72935 72924
72805 72785
72508 72498
70863 70822
68623 68616
69533 69519
69305 69288
66850 66837
67038 67024
69086 69040
68054 68048
66643 66573
65401 65381
65157 65137
65758 65733
65917 65855
66261 66252
68853 68835
65708 65648
65430 65427
66406 66395
64251 64237
62960 62919
62174 62143
62610 62589
61792 61787
63181 63168
64453 64446
62781 62770
64127 64076
62993 62976
62073 62059
61038 61026
65244 65236
61824 61812
58356 58339
58961 58951
58736 58693
61453 61439
58314 58294
58364 58363
58484 58472
58432 58410
57900 57896
58744 58743
57640 57635
57456 57450
56572 56553
57445 57431
58788 58772
57698 57682
56001 55976
57205 57202
56386 56369
56470 56448
56174 56171
58041 58002
54665 54612
51686 51672
53453 53430
53184 53174
52680 52676
51421 51402
51435 51432
49822 49813
51602 51597
49191 49161
49772 49759
49054 49015
50790 50745
48528 48501
47593 47583
48653 48611
47901 47891
50238 50215
48172 48160
48033 47977
47276 47207
48919 48894
46648 46643
46572 46490
46402 46379
46255 46223
44623 44597
44521 44494
45013 44968
45580 45572
43391 43389
41721 41713
42334 42330
45924 45913
45116 45109
45948 45938
44441 44423
43491 43471
41027 41024
41266 41244
44023 44002
42036 42013
40726 40714
42645 42533
40450 40412
39911 39898
39659 39639
38795 38783
40043 40040
38058 38041
40260 40257
38310 38304
37175 37171
40604 40599
37042 37011
39453 39430
37726 37725
36284 36266
37217 37203
35856 35853
33066 33057
36874 36871
37719 37717
34926 34900
35061 35036
36821 36799
32834 32816
34084 34006
35570 35545
33792 33790
33848 33793
36797 36794
32640 32627
31192 31188
37220 37218
33877 33875
32960 32957
32536 32524
31162 31161
32425 32410
33246 33238
32156 32126
28708 28691
30414 30359
28926 28924
30136 30092
26821 26815
27169 27124
26889 26857
26656 26653
26660 26659
25713 25701
26648 26611
26563 26546
25912 25881
22171 22151
22684 22669
23669 23666
22352 22273
22601 22498
22393 22379
24424 24420
22102 22080
22144 22143
23063 23054
19740 19733
20851 20820
19607 19604
19157 19150
21451 21446
19842 19840
19695 19674
22400 22396
18510 18495
20662 20659
15924 15880
16390 16361
15802 15795
16826 16818
15006 14953
18673 18655
16870 16850
16273 16196
16319 16317
18567 18527
15739 15718
13106 13105
12072 12068
11975 11969
12809 12806
13587 13573
14088 14048
13771 13742
15359 15342
14147 14135
14405 14337
10555 10535
11520 11508
11182 11168
11213 11208
5162 5135
4671 4658
9284 9276
5561 5515
4246 4245
5851 5849
5820 5811
3756 3695
4996 4980
3373 3350
3814 3798
1777 1776
1076 1061
2516 2508
1028 1023
57395 57373
377 356
49747 49740
48675 48620
79764 79744
44439 44405
42249 42209
28780 28730
21598 21504
77901 77879
78970 78916
79140 79105
79563 79542
16985 16962
76667 76666
76220 76212
36172 36117
8265 8220
74906 74877
76393 76374
77409 77341
72894 72867
74217 74184
75083 74981
73717 73710
75712 75700
72951 72907
79823 79794
73021 73011
69760 69749
68636 68613
70500 70485
69923 69919
67394 67333
67512 67458
68330 68270
64496 64475
59842 59834
61468 61412
55421 55402
54380 54365
56634 56628
54195 54139
57525 57512
62171 62170
59178 59177
52289 52254
55679 55671
49689 49646
50046 50032
48703 48700
50308 50306
52325 52311
55927 55925
46251 46224
44665 44661
48017 47998
46752 46712
45408 45380
44894 44862
44401 44391
50589 50579
49449 49395
48569 48539
43708 43682
46173 46158
43844 43839
40400 40346
40757 40703
42875 42863
43736 43734
51247 51243
42945 42941
41858 41840
39121 39113
34189 34135
39219 39211
34854 34852
37317 37242
38451 38430
35766 35750
35878 35871
33639 33623
38287 38259
30705 30700
32890 32878
33131 33103
30769 30766
28340 28328
32644 32636
30030 30006
32330 32295
33696 33689
24044 24001
14966 14965
16819 16800
17262 17240
14419 14414
13727 13712
16256 16238
15057 14993
13196 13158
14001 13978
14128 14100
15847 15836
11663 11643
13920 13844
7075 7042
13114 13067
10866 10849
11316 11256
7926 7885
8917 8846
9186 9097
17301 17293
10779 10742
9414 9400
7860 7852
6690 6673
5409 5390
4409 4404
7580 7554
298 284
666 654
918 882
1278 1276
79456 79448
279 221
79883 79881
79518 79473
79525 79519
79754 79748
79379 79374
78972 78956
79809 79800
77394 77370
78438 78434
77762 77731
77086 77013
78105 78090
77318 77298
75096 75074
74506 74467
75462 75461
74915 74862
74923 74921
74003 73998
74950 74940
75699 75691
74154 74149
73713 73684
73291 73285
74805 74801
73249 73230
74451 74442
71980 71978
75599 75592
73122 73112
74831 74815
72990 72977
73067 73030
72734 72709
74228 74219
72521 72518
71236 71235
72633 72630
71635 71634
72387 72376
71618 71594
71964 71948
71866 71865
70794 70772
71362 71341
70710 70658
71314 71302
71096 71080
70166 70137
68743 68742
69648 69646
69377 69349
67922 67920
68587 68572
69231 69188
68989 68979
68218 68205
67893 67874
70313 70296
68914 68911
70126 70124
68720 68641
67827 67816
69942 69937
68401 68398
67635 67631
67442 67406
67045 67044
66181 66133
66715 66714
66889 66886
66245 66243
67758 67736
67865 67834
67164 67139
66907 66894
68122 68119
66833 66828
66381 66362
67695 67644
66210 66187
65352 65347
65598 65554
64574 64572
65636 65622
64974 64956
64931 64923
64733 64654
63835 63789
62399 62393
62476 62469
63991 63939
62130 62108
63203 63199
62868 62823
63079 63075
62234 62228
64767 64765
64234 64231
64171 64170
62367 62362
62301 62277
60487 60453
61607 61598
62042 62012
62460 62446
61122 61098
63159 63155
62089 62078
61272 61262
60633 60628
60322 60308
61253 61186
60333 60327
60666 60665
60913 60843
59347 59344
59390 59378
59868 59850
59234 59229
61663 61610
58594 58590
59490 59480
59076 59054
57182 57180
56242 56230
55310 55299
55795 55790
55049 55034
56076 56045
55131 55124
55890 55884
55582 55578
54407 54382
55802 55799
55476 55461
55210 55183
55494 55490
56988 56962
52832 52807
54371 54353
53950 53944
53918 53877
51829 51820
52639 52584
53114 53071
52651 52643
52297 52250
51269 51266
52513 52508
50554 50552
50642 50637
51879 51859
50019 50012
49594 49531
50207 50179
50704 50662
50385 50365
49937 49932
50820 50795
49926 49879
49520 49498
49155 49133
48891 48885
48950 48947
48768 48764
47928 47913
48860 48852
47330 47325
51302 51298
48705 48682
48256 48244
48286 48281
46092 46090
48446 48381
48832 48794
49875 49856
48065 48053
47441 47423
47019 47010
47134 47133
47723 47717
47088 47079
47056 47046
47364 47353
46885 46880
45193 45158
44288 44236
44707 44696
46842 46801
43388 43377
44646 44633
44787 44760
41989 41987
42872 42845
43546 43545
43462 43461
42488 42475
43536 43520
42112 42087
42979 42965
41481 41439
43115 43077
41691 41684
41043 41040
40834 40812
38482 38444
39939 39931
36780 36720
36392 36375
35534 35517
36486 36462
36640 36634
35479 35448
35323 35284
34826 34821
35727 35721
35657 35638
35026 35022
34353 34337
35696 35689
34287 34272
33524 33511
33217 33201
34134 34085
35584 35583
34976 34975
33664 33621
33284 33279
34676 34662
33775 33750
31821 31774
33152 33088
32313 32296
33687 33666
31570 31543
31485 31443
32858 32852
33620 33616
29833 29829
32478 32444
28401 28384
30231 30221
29191 29186
28670 28655
29143 29133
30352 30345
28471 28413
28794 28791
28268 28250
27400 27376
26376 26345
27259 27252
28368 28365
27496 27472
25745 25741
26457 26445
23109 23105
26103 26074
24178 24159
23850 23810
23891 23883
25615 25556
24268 24253
26535 26532
23051 23044
25030 25006
23515 23476
23213 23207
21769 21748
22660 22654
22746 22734
21508 21452
21085 21081
22113 22104
21080 21064
21233 21220
18313 18308
19264 19243
17173 17149
19232 19207
17009 17001
17731 17716
15305 15298
16052 16034
16537 16493
14247 14227
14115 14105
14269 14262
13428 13422
15705 15617
13736 13710
15612 15604
14760 14755
12753 12747
12679 12671
14025 14024
13572 13561
12784 12772
11083 11071
15092 15083
14814 14801
12552 12497
10821 10785
11862 11848
13044 13030
11807 11769
8859 8810
10367 10358
7872 7868
9245 9241
9890 9865
9994 9971
8897 8869
9317 9314
7703 7631
8929 8922
9404 9374
11158 11128
9674 9650
6733 6721
7247 7245
6577 6557
11493 11448
6651 6638
5653 5651
6116 6096
4526 4523
3579 3565
4865 4851
4489 4428
2494 2491
3073 3062
4678 4677
1675 1666
1120 1100
73474 73408
76730 76726
51444 51418
65191 65181
56117 56099
39226 39222
31065 31064
36305 36283
26047 26040
36173 36162
28892 28849
24764 24763
34102 34081
22035 22024
26836 26823
25849 25795
23441 23393
11551 11550
19834 19771
7684 7680
6490 6478
17372 17345
10556 10547
15278 15254
10116 10102
21928 21915
14334 14292
100 77
79607 79606
77846 77824
79127 79040
77927 77925
76552 76527
78548 78497
79760 79755
79135 79134
79310 79274
78325 78324
12115 12114
78406 78404
78181 78153
77442 77418
72701 72700
75624 75608
72267 72263
73415 73414
70948 70945
