3341
24925
2244
39258
1943
4198
10357
3478
17354
15567
42258
2797
11708
1434
8688
8888
35818
22589
28534
18125
6074
5667
16479
23814
13743
438
38263
16392
19618
53400
1301
5530
20962
5491
8684
16449
5626
6139
8114
5452
23763
9759
13224
18626
33905
5268
3783
1583
4506
3420
14329
2789
34113
15159
27429
5920
13718
53132
3541
48403
14599
27907
42445
7827
16720
10024
27051
23824
17637
6491
7963
2388
66729
13739
5936
3099
2742
5173
19910
20783
13316
2880
36466
53534
35628
19870
41762
30329
4789
49402
6410
63438
4900
479
33729
1895
44346
10503
21978
20664
25607
15400
22746
20605
4435
20060
11386
11304
44189
22323
12268
6165
9471
12840
4385
32907
2369
12151
4950
6388
113
40183
20136
747
9014
53948
10557
22099
47053
15999
3529
22923
22063
7640
22306
4740
19912
19781
13487
69040
16289
31679
17678
16478
18782
6478
15668
15374
4855
29240
37266
58718
21007
9199
1206
40407
2116
7522
3532
73008
53279
6408
41273
25229
34413
5082
62077
16147
53425
4532
18953
36698
3064
14693
4478
5252
22916
29836
23460
44138
4110
28337
2900
2262
26602
8368
13233
32081
9029
19634
145
16640
22987
3553
5836
12240
8734
3685
15761
3538
45056
12734
22480
13260
47011
8334
2846
5332
2905
15377
15018
20057
14805
23034
23518
2089
140
7613
11981
11000
16726
28622
37818
17363
10324
3850
42998
8109
19001
11140
4264
370
1262
12065
6682
8907
2769
1200
11685
5781
3125
17406
2222
5864
12643
1379
39037
11322
14161
11096
3951
5164
23375
5031
439
37636
2056
18401
36654
35610
9938
11378
16406
4666
43779
5610
12972
11134
16985
15388
29893
53182
52375
1832
4766
5750
26818
6470
14502
7241
7184
27696
23547
43305
2030
1885
8187
3148
17310
8929
42431
15946
4314
5788
40718
8517
6891
69510
16233
30269
18962
8180
28759
9387
9592
63560
8739
19093
16006
166
8007
71502
4788
22623
13249
7828
11739
30232
12615
8754
19731
7519
15048
4289
22912
21728
30208
4917
13765
6938
17976
59163
32368
30488
12686
20562
4698
14451
21507
15461
32903
21816
32279
8742
7344
1038
38384
10994
25749
4908
5563
20191
28934
4775
13211
21994
11558
2296
55514
33519
8313
57292
13518
27882
1396
679
23492
28318
9865
5418
15965
20638
8021
10522
20815
4268
1224
1866
4622
28708
42253
3543
4704
7751
25024
31335
37224
2112
28073
9179
17351
889
9013
7975
58505
12539
10590
869
5985
24466
21979
385
1834
13968
932
5928
1335
18250
702
21599
17427
16685
14607
3465
13006
46430
13192
11975
13357
25779
4
4953
1477
18894
18654
19761
27744
3935
8413
24203
11070
15955
14185
5962
46877
14
77011
3257
38200
20968
21159
55732
18305
29685
224
5059
26276
36168
29117
16588
7110
32263
37299
39938
7903
22854
34477
4253
16599
5296
1716
16889
19018
12587
26445
16253
8310
12650
2190
15647
4637
614
47862
28508
9327
1026
7462
9737
1460
15319
5597
34820
33870
10946
17936
921
37264
15396
28034
17413
5199
54974
18685
5844
17945
18992
1007
460
45085
12375
12541
41633
1549
46730
19178
3409
26183
16612
11771
29108
5737
30735
10404
11373
11417
43034
13337
9406
4856
35913
43329
33896
10521
20460
1119
18200
38059
10463
7617
13469
3469
13914
3428
19162
503
54739
5602
24
11285
4472
485
7144
10395
38111
15871
6651
15850
20658
3131
1126
34872
43854
35700
40631
19155
2961
2344
41302
8858
39588
956
29902
4681
42771
607
30568
15391
13707
28460
18673
6070
6245
3661
29556
4762
10704
39449
21380
25147
36889
574
48724
22637
14338
20917
4854
1955
34473
11219
2752
6198
4155
3350
5690
1324
60765
27944
27050
23415
49747
6928
13842
16218
19299
21076
10793
23221
14856
23191
27601
8571
16705
6527
12422
11673
59805
6799
9266
1611
30929
28145
31551
1997
19236
796
2875
15044
5911
17076
4958
3886
97
1542
8231
6103
6499
10021
9198
68488
6063
8248
3130
12158
8235
10461
3314
11733
9537
32607
31334
28635
10827
13505
7844
28241
31984
4000
17947
59272
1004
1203
25260
39925
6963
4894
3868
9331
21393
3424
18438
13359
30280
4249
2732
12067
3328
87
37391
11273
5983
41029
1522
15433
9742
38623
6549
21926
3244
297
4445
23234
6315
3053
61642
5770
1499
26824
1813
14150
13484
14648
30026
20475
9828
25342
20088
21477
34859
1514
1938
16961
49516
42109
18294
36003
26444
5350
24548
1184
8836
11651
35762
10091
26438
4182
4649
31593
32896
13522
20749
3498
15291
31892
9392
12625
11923
1031
31950
4936
53875
68792
2037
8642
18192
6100
11952
13187
5043
16376
3878
46009
6432
4279
3724
47564
76123
58331
14956
121
18642
21790
19714
7665
3290
6605
10751
9431
2556
10762
14608
16629
4302
30930
28890
410
228
5105
15407
22133
2488
28273
17951
20375
10038
11470
8933
27198
4347
2657
20686
6846
933
56276
26003
37631
4915
6197
9602
3673
3959
8349
9463
4947
14950
40406
10400
1382
10606
4794
52752
17737
3983
5588
1244
21181
44651
1652
34972
20492
8895
1435
4521
6718
26541
1597
760
10998
14729
5874
4446
803
11862
43670
5542
20321
13678
3933
1436
1573
5301
15623
44679
1768
313
29717
21373
16256
4240
5622
3264
13620
6656
25902
8046
17075
30196
15895
14372
11491
18465
15587
21284
20451
38333
887
47971
7365
5763
7483
2499
4156
7048
22382
18575
5070
20441
6948
37948
3123
11020
3965
11990
39572
18144
10125
4636
7626
17454
4629
8747
16503
19669
14748
13758
1178
16271
7482
2095
72716
2698
14060
1931
58336
10535
18692
416
16093
1308
22996
6010
9599
38507
1700
4447
13725
11867
8899
11797
45167
16252
7669
542
5818
55631
8486
41720
4145
9172
24642
60170
24807
11041
30374
11452
8808
4846
9105
16275
7507
660
15165
8996
14144
10862
9734
3686
11910
15774
17994
4333
3577
70859
33700
7399
27207
7166
33865
13560
25953
7649
31424
12112
16355
4490
7179
2076
809
11824
44576
21379
1495
8690
41235
29137
4712
15281
26701
12023
29617
16059
12660
31793
22188
2536
43448
4108
11807
11671
16474
7733
1675
15458
22674
8078
2598
22335
7543
6607
2012
3600
3477
8285
14879
16341
29702
27326
14219
24504
30478
14404
22291
11089
34640
18780
2707
12985
12094
1628
20621
26098
27504
1848
31014
7825
1904
314
3894
2831
3345
11606
38329
4624
11039
1163
27144
19759
38077
10655
22115
7196
34688
16597
46059
1269
13063
5953
8930
6329
3902
3640
12022
24619
769
4071
449
6993
8088
8887
3658
12973
11400
1566
2533
5239
8493
26536
40358
5807
9234
3344
9129
52727
2857
9308
18413
5557
23051
23983
8097
16859
11259
57687
3761
9806
41991
290
13848
34480
34200
14991
24162
21004
35477
53492
4965
26317
20251
4652
6971
3932
33124
33626
5895
1045
20766
45898
30572
10903
22789
12335
16579
22193
37901
3363
7350
28451
7065
382
11099
33042
56223
1590
475
1506
1231
24742
70436
32709
24810
26199
15844
1691
18510
7405
9465
10947
30898
5083
15821
7275
5257
9989
9967
1954
27955
7031
6859
15340
25760
25845
25995
15980
8433
23108
62812
3334
7461
23948
13381
2015
40801
1159
9325
1967
18284
4035
14659
14189
5786
27734
2986
629
16384
10035
13158
12171
1705
48128
48024
5975
26912
4114
40085
21153
2364
11364
10439
7672
16802
3356
765
7719
51052
39064
39462
4786
61710
15978
13846
14719
3055
16946
13935
3764
4590
20367
33060
2449
2946
20768
5357
22797
324
4019
40478
56701
28198
2372
39561
2555
21610
1745
10501
11241
8952
13919
16582
4243
551
17428
40273
3377
39076
18182
22497
23989
22752
13425
459
13637
12717
5013
25251
901
5958
1208
17072
4607
4529
16910
12342
4978
6909
13206
21865
50710
1413
22656
6200
8431
6937
30181
12247
3198
40598
11349
8035
131
834
17135
31123
5267
4793
6138
9762
26076
6864
7466
12594
16259
6514
23833
19323
7536
26309
54029
4419
19034
15603
5685
2544
25367
2086
5719
8631
1245
1037
1962
5567
17572
1874
39598
19961
24090
24204
6588
14171
4437
23119
858
22240
2592
6681
4780
17473
1772
24972
24111
27965
23065
21439
2374
11659
27240
29621
8656
1736
7502
16828
23694
5315
8641
6849
9627
10199
746
13944
27204
2252
12883
8030
11665
33630
8723
14434
21215
18664
48444
38131
39456
532
20972
2663
36001
43760
38237
29692
24365
1541
11554
12807
13352
47509
17112
12372
716
27691
6976
1190
150
4165
39695
1953
19523
1548
15330
51356
7740
42206
7155
998
247
14575
18279
3647
14944
2539
47914
32537
14362
28733
11710
2231
7383
5821
821
47267
38679
12000
4195
22403
15953
53797
11992
36986
20712
66755
18853
16234
11636
24010
16678
12522
7777
7192
5729
352
3745
7816
14113
8757
2559
62693
50905
41540
31338
3374
39677
20331
9402
19456
1340
15184
42967
4790
26879
25816
8154
33675
1132
11703
11791
37159
45738
3569
25703
1655
95
55887
7075
3174
21883
19341
10749
16157
27017
59220
15004
26182
21697
19941
9907
6686
5500
20042
67289
12974
977
20825
13610
2413
12399
149
27934
3934
5896
4284
18548
1823
23071
29727
3539
9996
19254
44111
7508
1558
65
52107
854
9421
9027
27643
19302
31022
9395
9674
18517
50443
20973
43863
21222
6719
14196
1033
126
6402
329
7607
4996
32005
33205
13991
268
19258
608
4581
2362
2070
18772
4638
23585
12693
4476
20463
16465
12052
66117
23328
2046
10679
18942
17727
9808
14691
4129
17713
862
4563
20486
22138
69364
20400
40112
11012
57704
52825
3146
28797
4007
2688
11065
15768
5852
14678
5664
39469
9700
5879
4613
17418
1800
38277
11679
15483
36264
13700
1416
21061
11823
23381
31173
19728
14400
21421
12867
10970
11795
12808
7750
41340
4838
23233
53353
22578
7410
420
21404
6280
34340
14808
5481
1417
39022
19960
39987
19378
7689
23761
68431
10014
1425
41148
73678
25254
40942
3953
4352
32841
18759
10043
33049
4642
5927
21678
20094
22969
15550
878
43573
17998
280
495
5449
8669
9641
4843
24173
35342
7493
8079
461
51618
30463
9446
21559
36142
2911
5537
5533
26587
24212
20018
5020
43642
22523
24120
15679
331
5428
6469
8665
33678
33133
11286
30578
36521
8156
22509
31872
40865
10573
16947
4609
7491
7748
3075
1222
13342
1712
7747
9722
50751
18289
12116
10433
22324
12495
12810
70764
4133
23000
9399
12543
11683
153
33464
16165
8322
14413
29958
6416
5720
9955
199
16791
6542
5001
10754
37193
4176
6302
5248
29195
17445
36810
20152
9679
3077
9365
21493
9050
33129
2250
6213
7965
6000
7918
18523
2071
7253
21794
46729
28666
12997
48707
9878
10977
19639
33380
3329
1630
18044
11930
59009
20785
16622
13330
34483
1180
10328
156
21887
35527
3810
462
30712
6748
12869
9863
7278
13947
31477
13813
9334
43835
2353
8102
11146
22432
14067
792
39331
19038
16774
25522
2329
10287
19388
18440
5312
8998
482
19849
1724
15486
15242
35255
8239
19529
6221
37798
35109
33015
27029
18113
11050
3309
22946
2687
6995
3816
16094
13708
0
6674
5162
21043
1486
15294
1635
3426
28246
42212
1799
48545
2948
22151
14447
17496
5374
2968
73120
875
38159
25606
5869
13161
5096
47765
14635
5564
8019
4488
12427
29639
21426
28792
9022
15746
19021
41979
22265
17038
6898
47457
2313
35588
7332
2428
14976
3678
342
13027
24588
33828
2565
21852
10833
7030
74894
50421
11971
9336
30629
8535
26101
47873
20001
6244
1322
5726
26468
9174
57615
14569
8051
15749
19086
20487
26427
52587
44622
10733
308
25569
16084
29591
15364
3085
27437
594
11331
5108
4886
2022
24236
8080
160
2154
34516
10828
825
25311
5880
35392
1653
35143
54308
7933
1621
1594
37919
10717
2703
4824
12447
9081
13578
5399
980
6825
26867
9931
1350
50182
959
15989
46283
11001
14728
21893
8606
46997
7730
19198
8419
3069
17526
10465
7917
5741
24081
16455
5019
26448
11719
1363
19362
6757
1840
30909
5707
16264
1984
6399
15133
47689
72595
7539
3141
597
1241
6154
13994
21573
6786
9820
9926
8882
804
7055
13150
8762
16482
10545
4200
33681
12319
1239
7681
5240
737
16662
1290
15699
6977
3888
1839
8681
30915
1789
15085
9949
2446
19295
6342
14651
50049
2101
21997
53051
5095
10218
7316
3862
17934
3719
143
7140
3968
41728
45575
18788
5206
3090
9033
20345
6996
25655
4866
32356
14363
13621
3791
22407
9313
1998
25285
12486
7142
25137
4135
33757
34002
18873
5463
18825
14942
4616
11239
1430
262
14675
19482
15220
11988
4826
28961
1043
10469
43233
5432
7221
26323
24857
23040
38895
53134
6620
2279
7859
24591
26626
11983
7722
55609
12135
2517
16970
2438
6151
1027
4213
9624
1556
5307
6621
723
22309
26744
47552
4985
12978
14327
14128
2158
2509
41335
2764
30974
13154
1726
29357
2118
1483
9982
60241
18682
32616
35758
6267
21041
21392
12193
16161
22443
19414
15855
13373
30932
7560
15799
16169
37432
15522
51430
12139
18487
9876
846
50122
27925
8042
848
38410
9158
11770
8311
44392
41690
10777
37408
5529
28581
28343
8651
10178
40462
3336
5866
829
4002
3581
26862
47508
7986
1139
10579
21583
3995
10187
7251
1798
20104
24585
57
8106
4442
1388
22903
25581
36324
16270
1999
28680
13696
34941
1843
8874
54639
15968
15346
54953
27880
39073
26936
3891
19856
14943
28931
20946
7934
5221
33110
17265
3325
9
14540
5102
26713
35273
9262
11782
22048
12886
5572
32363
33484
1421
373
3652
7446
8583
40651
1002
9579
590
1723
1908
8020
43367
14313
11944
3832
19515
9034
3740
22609
2083
2636
3877
20483
25054
32074
16013
12339
1571
65397
8445
18714
29644
9523
21721
68401
2078
20322
5485
24003
7698
15127
42416
4525
1887
1650
5089
4152
32105
1509
20988
51200
9445
16362
24371
5211
3126
11597
38636
31170
3533
6556
1073
2065
21124
7877
12781
1110
59550
4802
19226
4720
52346
12818
8598
2141
22393
27194
1304
15119
42465
14910
10635
4356
50748
3823
7891
18453
2733
14996
30244
14546
36012
7202
1361
3674
4556
28005
11316
36982
13863
220
10983
8244
4627
2348
22638
24881
5505
2524
46941
4574
6464
141
68933
7199
1651
1575
2620
9671
44547
3962
60119
2487
19583
31657
6341
15916
39669
2697
45929
1107
4662
27534
11320
10626
19735
6373
5454
23513
2450
13447
1520
16017
35777
13932
19685
15822
63901
10113
8801
32741
28455
18215
12450
3679
52543
4276
12513
36492
5551
29495
1094
16834
1582
4660
25827
32612
36885
6834
13057
22329
13126
2164
1780
3815
5230
60412
2471
54712
9509
3883
40211
17672
24567
7096
25564
12510
13950
19338
5151
46816
1690
7334
2310
30702
18969
43160
30800
22295
20270
9418
6475
12674
11772
1932
11409
6526
26663
11523
34754
9797
11299
20921
2745
24859
13888
16537
7165
478
24675
6904
2168
52586
3834
3229
467
27173
4944
18235
20803
5479
6498
17949
2146
8770
12833
511
2486
10884
14048
7254
22431
1255
3775
132
9841
6576
20317
3001
10814
2300
955
3910
2074
8501
11857
2715
35348
2342
4711
26205
2200
2641
50352
50875
7610
14987
29054
77702
17336
8959
14340
4523
15385
22429
10333
35361
3621
35021
49524
32777
16467
41454
8601
7951
18086
659
13429
9962
19773
59632
7642
5216
19379
71879
17166
25445
11372
1584
5308
33135
5511
16718
18779
22965
15769
18028
13289
25742
4634
1095
8222
1329
45922
2003
7988
49688
7931
59214
8348
24464
5841
26473
16262
12412
14700
2607
20503
14545
7872
15663
8494
1550
20811
2996
37148
11190
5695
37225
2034
5451
19541
171
5189
14188
47546
31165
17296
13188
3618
37452
39584
10223
1120
4115
16852
5559
4048
15453
25795
8945
17379
9454
25345
10282
32208
255
22771
31124
27928
664
10523
61346
528
29193
12909
28058
508
24213
6881
26264
22066
71478
17437
25505
42249
4941
5914
22019
1685
415
13397
29065
11355
27502
4722
11662
405
2208
16821
50162
33669
8803
7126
40101
3333
6683
27733
20403
22289
35608
12680
17669
9232
9438
36209
17394
47947
43593
12080
2619
15995
12352
2739
19716
24627
14427
5497
27265
13946
1816
4344
5116
93
12382
21410
25650
13882
18142
6110
12554
40017
12648
3223
18578
4092
3421
2358
9881
22241
25645
45150
2815
25262
9521
28351
11661
3050
17804
14110
8735
2172
23016
4055
29216
2442
17828
1973
12464
13511
8948
12834
31789
5632
4096
2972
3948
13499
50899
14232
42259
69373
3663
4237
16895
8443
47366
16458
27344
19917
653
1719
39480
22766
5793
21789
4618
218
21289
15838
13983
828
3038
5532
16763
2393
6529
31594
60482
12098
34344
31992
4540
6819
6835
16928
6069
7292
24583
16412
7549
1146
4193
2711
36021
3845
30046
10171
632
10613
72785
16380
9590
558
22007
5030
4784
17300
6896
5492
11021
2178
3952
24597
16251
45573
7028
19209
53950
14203
19159
20874
30247
28331
32932
27476
32738
24755
21761
6790
8943
16993
3681
32549
8086
13024
6026
19143
34469
31615
8782
44032
31597
7300
1959
19495
25540
29894
1624
5017
2072
21278
5470
16418
20187
32027
7532
26084
31357
4088
28043
39845
11721
2411
8629
10156
11657
22947
29271
19879
9139
20834
47889
7125
31788
48623
1616
991
15209
27743
7579
25720
6290
33851
33597
14681
38557
14043
39765
13204
3405
39674
2018
744
7561
5524
23074
45806
9994
30567
739
2217
24798
14836
32807
5625
9237
31234
10716
14314
30796
14704
15251
71731
14094
14365
278
11147
9686
1567
3218
4686
1143
3567
14509
33059
35080
8865
29738
23130
2016
6598
36879
11583
5749
32978
23632
18408
52122
7302
5363
12074
880
11423
6239
14091
5827
8333
16347
21564
7290
2130
13668
16276
40054
29378
5834
7291
21402
2192
33002
16223
49613
514
16215
43278
8396
10371
7597
15459
8362
1142
14817
2867
1572
20225
25369
26492
2293
30958
41950
28391
33300
2602
3731
10345
13699
49042
9629
20738
12018
20137
30858
34400
39420
4909
16776
42664
5762
6888
17494
9720
30380
9795
57079
42662
26636
5191
6223
29645
13745
2230
5561
32508
64040
1288
23056
26643
7020
17729
3083
14254
1463
3833
25343
12127
64943
3838
1474
34939
38414
10220
13117
20727
13083
32272
39180
63071
19426
15411
3631
39968
14093
30626
55668
3269
4463
6775
4196
13441
13814
14108
4342
6669
8058
9222
9708
2134
12028
9015
62623
2048
1744
14518
38476
25530
1295
11306
11633
5803
8817
64897
13647
36696
9622
6172
2575
16191
7073
21474
5798
18563
396
7998
54097
9086
48090
32340
15586
16805
31879
637
10830
3364
26730
10881
22991
23344
21866
2923
15381
252
18669
22581
19403
5847
23195
46515
1994
14146
15314
35569
18530
1336
19850
43405
16390
1211
58909
25056
51613
8363
2066
5202
9533
69768
19964
33068
5203
11655
34037
17446
49241
24733
22787
15474
9547
49752
9184
29656
2000
44162
25805
10368
694
29060
60957
28602
23804
49597
47617
44922
4269
26449
655
2082
17717
14334
21405
21269
64484
4595
24478
36423
11449
6966
2180
11167
13738
6168
5132
18303
7273
13343
2908
36245
15227
3352
4364
2500
9390
1879
1896
29593
2642
7281
28055
27500
4413
6140
20806
4376
32762
13386
14893
17034
12163
10976
5629
37897
9048
15325
42381
8048
13734
2516
17687
40193
43538
3263
10325
6800
16274
27823
8175
2133
27642
13141
8469
3107
652
4878
5643
20524
2971
6127
3182
1305
4669
24901
2646
3161
14903
40297
30460
16366
6346
640
12524
7758
8560
2549
19821
3259
1532
64135
6778
16816
9283
8509
6044
2547
4400
15089
736
32516
8852
10780
26562
27649
5414
13704
35791
3012
28879
357
4238
6086
17248
1517
24153
17237
42186
644
11312
5426
6766
10580
1979
8695
13287
10158
6870
28789
23619
19355
39311
40708
8487
15689
14881
6811
59306
18775
4507
9292
74227
30438
1841
12678
34412
53735
23879
43678
48326
26598
24632
17603
4390
12933
4768
13571
48196
2440
8682
12075
44022
20034
7049
8769
915
281
16128
26209
34786
14767
17992
10
8324
1892
16888
3232
1465
13891
37727
46726
40409
7384
6301
34032
2184
16436
26189
15253
12607
15748
7850
24193
22843
53418
17769
24415
33037
34802
596
1833
12838
24868
98
15514
10020
5145
9505
9460
23259
16360
18545
5158
2712
22061
33856
18915
19407
38864
16853
13759
8157
9119
13730
2385
3928
18406
27936
35731
31771
180
32915
19052
14455
42719
14583
7357
2410
5861
9104
9078
2025
30559
8168
21442
20775
11619
9948
19663
25068
430
2140
9486
4520
13194
8305
23278
33376
2557
5269
17125
22365
20320
9164
76212
54737
11728
