2808
48752 48730
72469 72437
74523 74511
40264 40259
79930 79844
79628 79612
79575 79495
79421 79385
78968 78935
77604 77509
77199 77159
76590 76584
76260 76237
75275 75180
74897 74781
74515 74501
74137 74114
73686 73638
73599 73591
73217 73190
72190 72154
71381 71274
71214 71186
71131 71072
70767 70764
70717 70630
70270 70249
70240 70183
70084 70017
69898 69873
69821 69803
69317 69246
69110 69081
68973 68972
68480 68436
67683 67654
67617 67538
67196 67144
67110 67052
66429 66363
66157 66093
65882 65839
64288 64144
62965 62940
62352 62163
62096 62066
61623 61559
60983 60969
60887 60806
58534 58479
58231 58177
57484 57465
55798 55756
54836 54809
54409 54332
53311 53307
53251 53234
53197 53196
52881 52874
52263 52251
52087 52082
51784 51770
51442 51438
51359 51340
51305 51293
51127 51072
50221 50136
50081 49989
49975 49796
49468 49225
48778 48735
48527 48511
47687 47680
47465 47460
47394 47388
47128 46995
45901 45853
43157 43142
42121 42019
41877 41866
40621 40535
40303 40277
39895 39846
39097 39034
38557 38533
37826 37812
37269 37252
35427 35420
34585 34548
34150 34119
33957 33921
33915 33859
33481 33475
33183 33108
31891 31866
31377 31359
30989 30952
30588 30480
29079 29049
28891 28803
28112 27977
27380 27338
27149 27137
26448 26402
25161 25124
24951 24883
23831 23696
22918 22914
22856 22814
20684 20598
20059 20010
19977 19908
19800 19729
19384 19369
18911 18910
18576 18475
13318 13314
11982 11903
11501 11497
11322 11259
10820 10816
9984 9956
9476 9455
8784 8723
8711 8708
8583 8556
8515 8416
6579 6564
6464 6436
6034 6026
5882 5857
5797 5766
5241 5226
5122 5115
5100 5052
4328 4315
4069 4050
3452 3435
3312 3280
3001 2991
2955 2946
2869 2775
2366 2348
1526 1472
523 460
189 167
79775 79769
79221 79193
79161 79153
78868 78842
78476 78307
78063 78044
77092 77076
76928 76846
76223 76177
76102 75881
75619 75607
75489 75447
75424 75390
74991 74938
74750 74673
74536 74516
74444 74423
74402 74355
74028 74002
73791 73714
73529 73527
73496 73479
73400 73333
72891 72772
72292 72240
71909 71788
71169 71145
71062 70992
70604 70588
70476 70413
70390 70341
70163 70143
69972 69946
69560 69523
69475 69464
69185 69121
68611 68557
68168 68142
68008 67988
67802 67791
66963 66877
66659 66576
66565 66538
66331 66287
65581 65559
65524 65486
65467 65431
65363 65342
65271 65253
65229 65144
65026 64977
64942 64826
64728 64707
64656 64630
64595 64576
64321 64298
63837 63776
63750 63718
63201 63167
62896 62866
62502 62489
62120 62112
61979 61856
61841 61770
61541 61524
61359 61326
60779 60756
60530 60449
60043 60031
59896 59840
59783 59772
59499 59426
59306 59293
59242 59240
59027 58741
58723 58714
58238 58237
58169 58144
58080 58057
57932 57914
57885 57882
57781 57714
57704 57688
57334 57282
57276 57270
57248 57226
57098 57024
56927 56866
56640 56381
55754 55737
55356 55317
54900 54859
54785 54765
54764 54673
54443 54415
54258 54208
53589 53522
53193 53163
52567 52550
52533 52511
52077 52068
51951 51945
51853 51802
51288 51212
50361 50322
49138 49116
48888 48815
48402 48371
48129 48107
47991 47951
47719 47700
47672 47614
47425 47410
46993 46992
46656 46628
46616 46568
46541 46522
46504 46486
46410 46405
45279 45273
45102 45023
45000 44993
44988 44969
44835 44650
44526 44505
44064 43923
43522 43472
43412 43378
43264 43200
43020 43016
42931 42844
42786 42697
42273 42271
41968 41889
41484 41472
41164 41147
41110 40944
40644 40633
39945 39933
39795 39759
39636 39616
39587 39560
39011 38962
38662 38579
38576 38562
38517 38486
38289 38264
38263 38181
38069 38047
38013 37992
37436 37410
37213 36953
36887 36616
36251 36224
35976 35930
35880 35866
35575 35552
35511 35494
35371 35340
34927 34916
34764 34593
34470 34461
34431 34352
34322 34292
34232 34217
33058 33047
32759 32660
32145 32130
31920 31915
31827 31804
31667 31624
31512 31509
31448 31395
30842 30820
29896 29812
29743 29638
28585 28519
27899 27859
27788 27771
27691 27668
27540 27465
27283 27282
27204 27157
27021 27015
26913 26871
26863 26746
26727 26695
26649 26586
26390 26278
26080 26020
25993 25977
25779 25724
24990 24973
24766 24743
24735 24622
24512 24450
24364 24362
24301 24294
24234 24180
24149 24119
24097 24086
23963 23871
23520 23425
23389 23382
23310 23243
23232 23153
23137 23060
22859 22857
22722 22688
21916 21831
21752 21640
21432 21418
21150 21093
20954 20924
20757 20721
20363 20206
19360 19350
19080 19041
18809 18767
18663 18651
18457 18442
18441 18398
18345 18218
17409 17393
16943 16901
16832 16807
16795 16697
16521 16497
16403 16379
15888 15803
15438 15390
14460 14430
14029 14007
13959 13945
12957 12873
12687 12569
12300 12292
11613 11522
11482 11480
11399 11362
11175 11069
10456 10428
10324 10292
10017 10012
9942 9930
9892 9861
9836 9834
9679 9649
9320 9303
9293 9235
9197 9184
9079 8934
8895 8789
7953 7942
7891 7862
7760 7748
7690 7674
7642 7615
7389 7327
7182 7059
6835 6798
6786 6761
6253 6249
5265 5253
4967 4921
4855 4831
4554 4521
4477 4455
4041 4029
3722 3647
2689 2670
2657 2631
2423 2406
2046 1832
831 787
758 739
427 416
295 220
79993 79956
79822 79796
79337 79318
79168 79166
79032 78984
78667 78621
78602 78571
78502 78493
77869 77838
77787 77677
77366 77268
77149 77099
76773 76703
76461 76399
75586 75543
75380 75379
74264 74260
74080 74068
73855 73839
73302 73296
72430 72401
72322 72299
72126 72120
72099 72097
71484 71446
70135 70114
69872 69864
69678 69653
69424 69355
69352 69318
69225 69191
68803 68680
68542 68485
68129 68118
68107 68093
67980 67937
67345 67336
67298 67230
66821 66694
66528 66436
66340 66339
66241 66163
65887 65886
64773 64745
64540 64526
64502 64366
64143 64102
63122 63117
61438 61398
61300 61182
61170 61041
60705 60613
60428 60180
59914 59897
59690 59646
58604 58547
58471 58415
57870 57785
57567 57529
56948 56946
56347 56306
56157 56067
56017 55990
55901 55807
55271 55207
55176 55151
54506 54463
54299 54264
54007 53865
53861 53825
53650 53592
53517 53442
53434 53390
53162 53157
52836 52794
52634 52615
52374 52286
52172 52107
51941 51867
51740 51690
51659 51550
51431 51398
51068 51017
50995 50944
50940 50870
50687 50671
49609 49600
49076 49023
48588 48551
48487 48485
48359 48342
48336 48257
48054 48031
47833 47754
47300 47274
47264 47209
47197 47188
46514 46510
45731 45708
45672 45600
45593 45585
45469 45460
45440 45348
45187 45105
44863 44851
44608 44571
44300 44217
44158 44145
44138 44085
43770 43724
43704 43675
43666 43630
43001 42993
42482 42462
41749 41515
40911 40823
40514 40454
40436 40409
40240 40189
40045 40025
39599 39591
39262 39258
39251 39231
38453 38446
38436 38418
37708 37562
37502 37456
36528 36443
35849 35704
35683 35646
35518 35513
35200 35199
35136 35052
34866 34862
34839 34831
34539 34479
33806 33486
33458 33339
32853 32847
32639 32591
32420 32400
32202 32166
32105 32073
31985 31964
31507 31484
31350 31226
31111 31062
30787 30778
30107 30083
29791 29775
29607 29527
29365 29270
28728 28656
28231 28153
27637 27613
27428 27411
27278 27272
27264 27261
26514 26472
25941 25885
25675 25633
25569 25568
25249 25221
24874 24858
24852 24778
24614 24587
24573 24558
24444 24442
23617 23554
22870 22867
22480 22473
22408 22316
21828 21822
21638 21617
21084 21019
20850 20808
20571 20473
20115 20102
19414 19397
19245 19240
19213 19210
17275 17246
17203 17115
16113 16094
15584 15507
15382 15340
15337 15289
14871 14856
14848 14829
14764 14741
14726 14702
14661 14604
14352 14259
13851 13789
13773 13724
13714 13690
13483 13465
12857 12813
12385 12382
12228 12143
10745 10744
10715 10675
10405 10331
10279 10172
9576 9550
8670 8614
8363 8304
8033 8010
7972 7959
7419 7408
7278 7185
7024 6923
6351 6319
6099 6083
5950 5886
5749 5702
5597 5438
5324 5292
4268 4235
4155 4147
3866 3843
3533 3516
2903 2886
2630 2618
2590 2586
2266 2175
2174 2108
1796 1778
1641 1634
1452 1417
1342 1170
1141 1128
949 891
320 306
150 149
97 74
79369 79297
79080 79058
78905 78872
78795 78789
78788 78786
78610 78541
76162 76124
75827 75821
75817 75813
75309 75284
74946 74942
74655 74626
74405 74363
74352 74335
74036 74024
73979 73946
73581 73579
73403 73385
73273 73248
73053 73046
72784 72774
72644 72528
72036 72033
72016 72003
71934 71910
71810 71800
71437 71374
71305 71273
71265 71232
70943 70939
70474 70472
70464 70458
70451 70337
70267 70265
69905 69902
69896 69894
69681 69581
69334 69296
69263 69203
68993 68985
68806 68768
68420 68349
68156 68151
68103 68086
68067 68052
67731 67726
67689 67685
66929 66926
66597 66594
66578 66569
66553 66536
66399 66276
66253 66244
65978 65928
65890 65873
65766 65755
65153 65129
65045 64928
64885 64702
64649 64631
64528 64512
64261 64219
63798 63780
63743 63739
63225 63209
62603 62600
62534 62514
62092 62086
62034 62028
61874 61849
61793 61788
61739 61673
61637 61628
61370 61353
61331 61319
61079 61070
60770 60768
60660 60641
60437 60427
59773 59727
59703 59696
59623 59561
59492 59475
58825 58824
58676 58665
58598 58559
58366 58348
58319 58318
58156 58119
57700 57681
57428 57423
57095 57076
56695 56693
56548 56509
56445 56363
55902 55859
55838 55817
55789 55724
55668 55660
55562 55513
55498 55439
55397 55392
54959 54882
54717 54689
54418 54392
54224 54211
53673 53644
52995 52971
52800 52780
52416 52367
52241 52220
51741 51739
51527 51520
51368 51316
50728 50708
50668 50650
50624 50622
50167 50148
50121 50105
49639 49636
49339 49323
49203 49201
49148 49147
49056 49040
49024 49003
48995 48987
48498 48484
48473 48470
48135 48119
47894 47879
47686 47676
47673 47656
47483 47470
47162 47154
47145 47066
46939 46925
46634 46627
46324 46322
46212 46183
45940 45939
45581 45531
45519 45502
45211 45167
45092 45065
44631 44598
44435 44427
44333 44323
43233 43230
43076 43042
42733 42727
42296 42286
41972 41970
41969 41965
41960 41940
41831 41825
41777 41747
41599 41597
41586 41583
41556 41551
41508 41505
41496 41469
41361 41330
41221 41187
40279 40250
40150 40144
39786 39765
39732 39703
39299 39282
39188 39185
39179 39173
39166 39165
38740 38733
38538 38510
38426 38421
38153 38107
37791 37783
37665 37660
37495 37469
37333 37332
37239 37237
37236 37207
35574 35546
35483 35468
35135 35078
34851 34804
34587 34511
34425 34415
34273 34262
34251 34247
34241 34234
34211 34208
34054 34047
33951 33917
33779 33777
33768 33766
33571 33560
33414 33313
32570 32561
32432 32419
32258 32254
31961 31950
31683 31647
31557 31526
31365 31355
31275 31264
31047 31018
30783 30781
30757 30732
30397 30391
30210 30203
30188 30181
29801 29798
29750 29717
29345 29326
29324 29312
29158 29148
29042 29035
28847 28775
28674 28576
28078 28044
27808 27801
27365 27356
26986 26979
26726 26691
26690 26687
26558 26517
26468 26462
26246 26204
26056 26053
25680 25671
25290 25187
24949 24943
24902 24805
24422 24411
24317 24287
24261 24242
23846 23845
23755 23748
23637 23631
23622 23573
23486 23478
22639 22554
22261 22253
22142 22132
22100 22046
22004 21990
21843 21821
21784 21703
21459 21420
21251 21238
21175 21173
21100 21094
20630 20616
20472 20423
19520 19474
19226 19170
18823 18820
18036 18029
17953 17948
17743 17676
17430 17383
16963 16920
16909 16885
16794 16761
16296 16267
15868 15849
15813 15807
15791 15775
15665 15660
14807 14805
14284 14271
13784 13757
13535 13526
13520 13503
12935 12915
11697 11695
11642 11641
11571 11554
11541 11504
10485 10471
10387 10378
9355 9342
8710 8582
8388 8373
8057 8015
7948 7938
7531 7523
7398 7396
6794 6783
5817 5773
5573 5565
5278 5276
4925 4882
4472 4463
4135 4132
3882 3863
3849 3836
3517 3514
3456 3451
3182 3071
3025 3017
2928 2917
2912 2866
2747 2743
2714 2709
2696 2639
2427 2424
1765 1758
1264 1222
1191 1169
1125 1115
685 681
79292 79286
78796 78791
78018 77941
76700 76647
76508 76463
75830 75724
75060 75011
74203 74169
72956 72915
72714 72684
72568 72535
72220 72209
70928 70915
70904 70896
70627 70606
69798 69782
69775 69698
69622 69598
67033 67004
66843 66831
65815 65689
65546 65531
63976 63940
63897 63893
63591 63480
62865 62826
62683 62681
62463 62377
62104 62101
60925 60900
60168 60156
59625 59585
58659 58640
56844 56757
55619 55448
55203 55201
55017 54954
54910 54904
54046 54039
52671 52661
52450 52412
51192 51164
50801 50714
50291 50239
49718 49714
47942 47864
46703 46673
46447 46438
46401 46330
46244 46127
46041 45929
45844 45750
44399 44360
43894 43843
42390 42373
41996 41973
41839 41836
41449 41372
41268 41251
40711 40683
39994 39958
38913 38825
38791 38730
37809 37799
37344 37303
36409 36379
36105 35983
35481 35443
34069 34035
33334 33194
32334 32331
32051 32010
30058 29967
29939 29929
29910 29900
29046 28947
28404 28339
27558 27552
27445 27441
27335 27316
27115 27094
26261 26203
25315 25288
22673 22502
22444 22417
22291 21962
21417 21332
20443 20431
20420 20414
20166 20139
19693 19546
18966 18946
18179 18117
17861 17732
17354 17328
16632 16625
16543 16542
16215 16212
15491 15448
15076 15048
15032 14977
14927 14893
14574 14563
14206 14033
13630 13628
12492 12421
12128 12064
11789 11739
11692 11647
10867 10857
10608 10607
9924 9905
9829 9780
9618 9592
8128 8064
7741 7720
7505 7426
6900 6863
6548 6521
5407 5353
5280 5269
4638 4613
3943 3907
3755 3748
1737 1678
1104 1052
79850 79845
79707 79691
79573 79572
79513 79464
79454 79429
79051 79000
78776 78721
78500 78489
78439 78399
78328 78319
78174 78171
78088 78076
77876 77848
77833 77821
77759 77720
77663 77590
77314 77306
77295 77265
77169 77147
77145 77143
77114 77091
77088 77058
76952 76900
76809 76807
76750 76731
76292 76283
76203 76165
76001 75969
75956 75914
75878 75860
75593 75588
75534 75502
75412 75352
75348 75346
75182 75172
75168 75154
74928 74925
74856 74824
74812 74810
74809 74806
74725 74690
74598 74593
74174 74160
74156 74143
74023 74018
73925 73908
73884 73860
73820 73802
73784 73771
73639 73619
73577 73571
73565 73564
73431 73417
73103 73074
73036 73035
72980 72974
72832 72828
72812 72798
72729 72685
72520 72475
72422 72389
72332 72323
72321 72319
72271 72237
72173 72163
72149 72134
72121 72044
71993 71991
71908 71887
71834 71827
71774 71756
71691 71681
71541 71535
71532 71498
71474 71462
71359 71330
71187 71177
70893 70878
70798 70745
70683 70667
70666 70638
70629 70617
70579 70546
70331 70295
70243 70191
70067 70032
69945 69936
69535 69488
69430 69376
69354 69351
69348 69335
69180 69174
69152 69140
69130 69101
68826 68818
68584 68574
68553 68552
68468 68434
68209 68195
68169 68162
68075 68074
68072 68071
67943 67929
67752 67739
67180 67165
67114 67094
67039 67020
67008 66960
66958 66942
66925 66852
66796 66793
66712 66691
66190 66087
65720 65696
65632 65624
65179 65173
64693 64672
64591 64530
64205 64198
64158 64145
64117 64033
63978 63941
63737 63733
63730 63704
63669 63644
63603 63601
63446 63376
63107 63076
62986 62984
62950 62939
62931 62897
62864 62846
62723 62710
62707 62677
62624 62614
62585 62575
62495 62479
62404 62401
62350 62341
62337 62325
62226 62215
62199 62193
62182 62173
62080 62036
61944 61919
61653 61640
61616 61589
61557 61555
61264 61117
61046 61037
60982 60973
60570 60560
60551 60516
60319 60305
60064 60061
60052 60042
60019 59992
59861 59856
59826 59807
59802 59801
59792 59790
59678 59668
59310 59268
59171 59162
59161 59143
59073 59016
58991 58990
58892 58883
58862 58859
58657 58643
58546 58530
58194 58192
58173 58160
58101 58092
58088 58074
58038 58005
57961 57958
57899 57892
57856 57789
57786 57776
57775 57737
57665 57627
57560 57541
57464 57430
57259 57199
57121 57120
56856 56833
56792 56773
56565 56549
56360 56349
56346 56299
56271 56176
56089 56068
56051 56005
55983 55964
55643 55599
55309 55307
55238 55206
55134 55130
54780 54756
54674 54661
54598 54478
54472 54469
54466 54446
54354 54346
54325 54290
53996 53945
53876 53870
53818 53783
53629 53622
53532 53501
53451 53449
53435 53396
53240 53232
53208 53194
53164 53126
53119 53093
52768 52759
52480 52456
52212 52197
52104 52092
52089 52065
52005 51972
51777 51753
51653 51652
51616 51595
51498 51451
51066 51021
51015 50962
50953 50941
50894 50891
50753 50749
50532 50505
50491 50478
50440 50415
50384 50364
50203 50195
50024 50018
50002 49966
49955 49915
49897 49885
49737 49726
49610 49607
49566 49540
49530 49496
49167 49164
49157 49154
49110 49104
48906 48814
48617 48591
48322 48254
48229 48225
48112 48105
48068 48020
47826 47818
47774 47729
47598 47564
47396 47344
47202 47180
46910 46865
46709 46655
46618 46610
46576 46574
46566 46564
46414 46353
46312 46279
45894 45883
45764 45762
45464 45448
45095 45093
45048 44999
44755 44743
44729 44708
44695 44688
44659 44636
44594 44572
44557 44549
44492 44482
44385 44367
44266 44256
44210 44206
44151 44136
44084 44004
43960 43959
43930 43916
43889 43871
43677 43654
43564 43535
43483 43457
43301 43269
43104 43089
43029 43025
42908 42884
42823 42780
42753 42747
42720 42702
42534 42519
42418 42416
42363 42326
42215 42172
42165 42160
42032 41976
41925 41879
41870 41864
41735 41726
41719 41712
41467 41451
41321 41294
41065 41064
41039 41002
40881 40825
40669 40657
40236 40215
40136 40122
39936 39928
39629 39573
39371 39370
39365 39330
39312 39311
39308 39306
39281 39250
39098 39060
39040 39026
38868 38846
38840 38839
38675 38670
38629 38609
38504 38465
38324 38311
38242 38193
38050 38010
37921 37796
37737 37706
37608 37604
37592 37515
37498 37497
37453 37412
37159 37103
37059 37055
37038 37008
36922 36917
36774 36756
36723 36722
36673 36663
36631 36603
36521 36509
36069 36040
36021 35999
35922 35894
35816 35787
35613 35586
35530 35523
35412 35409
35378 35356
35285 35281
35259 35257
35209 35193
34794 34782
34505 34497
34408 34368
34347 34329
34022 34000
33913 33909
33902 33891
33684 33679
33265 33239
33233 33208
33182 33170
33094 33070
33028 32955
32769 32727
32724 32720
32717 32651
32555 32455
32194 32184
32117 32055
32052 32028
31751 31746
31731 31698
31506 31460
31455 31372
31354 31352
31215 31211
31075 31073
30958 30938
30544 30530
30528 30503
30428 30425
30242 30211
29955 29931
29872 29849
29468 29428
29413 29393
29276 29259
29217 29199
29189 29166
28997 28978
28758 28756
28743 28719
28515 28435
28105 28096
27956 27851
27633 27631
27448 27425
27305 27291
27151 27141
27079 27073
27031 27018
26945 26922
26885 26839
26774 26754
26677 26661
26634 26597
26136 26117
25906 25894
25578 25571
25403 25383
25336 25321
25297 25294
25089 25045
24992 24962
24710 24649
24592 24583
24577 24570
24464 24432
24410 24398
24194 24191
23968 23881
23837 23826
23783 23777
23730 23704
23559 23544
23450 23446
23319 23294
22949 22844
22761 22713
22711 22685
22227 22223
21965 21960
21894 21885
21874 21847
21661 21595
21585 21574
21523 21511
21275 21270
21216 21186
21134 21125
21091 21071
21006 20971
20686 20685
20665 20658
20421 20418
20406 20404
20380 20321
20250 20237
20142 20133
20099 20045
20036 20033
19989 19988
19582 19541
19330 19327
19165 19153
19123 19119
19101 19064
18908 18876
18811 18769
18524 18501
18440 18425
18386 18363
18320 18292
18275 18233
18209 18201
18170 18169
18136 18132
17788 17768
17497 17494
17175 17145
17072 17022
16824 16820
16584 16568
16305 16301
16128 16097
15966 15939
15937 15932
15918 15871
15700 15669
15577 15557
14955 14907
14849 14834
14509 14495
14204 14201
14166 14162
14152 14130
14081 14072
13675 13670
13662 13635
13615 13604
13464 13413
13386 13379
13307 13274
13043 13026
13022 13006
12887 12824
12779 12730
12691 12689
12664 12620
12338 12309
12307 12286
12177 12147
12082 12033
12014 11908
11608 11599
11485 11419
11407 11397
11330 11327
11195 11143
11111 11079
11074 11038
10978 10973
10947 10910
10830 10805
10710 10702
10461 10425
10248 10238
10184 10130
10096 10038
9596 9582
9570 9554
9514 9467
9380 9379
9324 9261
9057 9044
8974 8952
8799 8752
8541 8505
8494 8468
8330 8284
8270 8269
8242 8230
8213 8197
7999 7996
7781 7780
7520 7515
7476 7447
7385 7337
7308 7294
7133 7131
7126 7079
6944 6887
6836 6796
6781 6768
6756 6710
6476 6475
6344 6332
6326 6245
6062 5956
5768 5750
5739 5710
5698 5660
5644 5637
5629 5610
5598 5581
5563 5560
5527 5510
5121 5104
4779 4768
4765 4753
4674 4600
4460 4448
4441 4440
4303 4189
4125 4103
4016 3885
3829 3815
3666 3572
3482 3470
3465 3457
3332 3322
3286 3278
3211 3184
2823 2818
2798 2768
2376 2356
2195 2186
2161 2154
2133 2105
1993 1936
1928 1886
1787 1771
1623 1618
1593 1559
1361 1317
1204 1200
1064 1058
822 800
794 785
777 728
722 718
706 689
162 116
39 26
78743 78741
78567 78521
78186 78114
72514 72506
71263 71251
70854 70783
68850 68834
68335 68333
68078 68047
67625 67624
64821 64791
60077 60048
59565 59550
58638 58611
58403 58290
55311 55283
52791 52692
50587 50394
47863 47848
46977 46962
43447 43441
42295 42282
42180 42142
36914 36907
34981 34953
32355 32354
31730 31672
29266 29234
29195 29182
28463 28454
28450 28430
27049 27028
26741 26736
23553 23531
20185 20168
19905 19829
19196 19172
18899 18833
16479 16429
15748 15737
13582 13576
13244 13077
11012 10987
10156 10068
8406 8375
6860 6850
6700 6699
3994 3970
3543 3540
3185 3120
2545 2487
364 352
38 79950
79940 79902
79643 79609
79293 79291
79216 79171
78866 78812
78697 78629
78535 78534
78317 78315
78110 78091
78075 78021
78019 77989
77923 77916
77815 77813
77807 77782
77563 77481
77477 77417
77262 77256
77234 77185
77019 76955
76859 76831
76800 76772
76596 76569
76455 76452
76427 76426
76112 76103
76090 76069
76043 76014
75751 75747
75663 75633
75568 75546
75478 75428
75200 75195
75137 75128
74499 74456
74267 74256
74105 74103
74092 74067
73733 73726
73511 73502
73376 73336
73174 73173
73114 73113
73032 73027
72964 72958
72861 72835
72675 72665
72315 72313
72282 72281
72230 72216
71709 71704
71611 71598
71587 71583
71481 71480
71103 71073
71061 71034
71031 70974
70826 70813
70599 70585
70537 70505
70182 70179
70168 70153
69884 69817
69805 69799
69791 69761
69373 69364
69187 69182
69093 69045
68550 68525
68509 68505
67892 67875
67864 67825
67803 67781
67658 67650
67638 67605
67314 67208
67161 67157
66747 66721
66658 66625
66489 66480
66478 66464
66457 66440
66222 66214
66077 66048
65991 65986
65870 65817
65804 65774
65722 65721
65530 65516
65449 65413
65385 65334
65223 65211
65068 65060
64670 64666
64429 64405
64286 64271
64191 64182
63680 63671
63642 63629
63588 63534
63348 63347
63027 63003
62997 62991
62793 62759
62745 62737
62435 62415
62190 62188
61957 61947
61915 61914
61545 61516
61489 61485
61271 61267
60924 60911
60866 60863
60854 60842
60837 60833
60813 60810
60800 60776
60737 60687
60685 60677
60586 60575
60502 60481
60461 60451
60377 60349
60289 60274
60242 60217
60216 60201
60182 60108
59970 59865
59785 59784
59720 59719
59445 59437
59350 59339
59260 59192
58945 58894
58855 58852
58821 58755
58400 58374
58251 58244
57874 57873
57415 57310
57300 57274
57057 57037
57010 56998
56997 56963
56764 56723
56615 56604
56462 56457
56456 56453
55376 55375
55292 55268
55002 55001
54993 54963
54623 54622
54284 54251
53763 53719
53600 53588
53288 53281
53268 53262
53052 53003
52856 52802
52744 52695
52688 52687
52682 52668
52606 52576
52564 52491
52440 52423
52063 52007
51881 51878
51855 51831
51304 51274
51265 51254
51215 51195
50773 50762
50696 50683
50074 50068
49848 49810
49773 49771
49624 49613
49486 49471
49383 49380
49307 49262
49238 49214
49194 49172
48953 48938
48789 48784
48781 48766
48635 48630
48529 48514
48434 48398
47547 47515
47458 47416
47337 47222
47052 46953
46946 46943
46339 46329
46276 46259
46145 46138
46072 46054
45974 45967
45876 45830
45821 45819
45814 45787
45727 45697
45312 45290
44998 44990
44965 44928
44812 44811
44479 44473
44287 44271
44235 44227
43897 43896
43868 43851
43756 43743
43628 43606
43434 43426
43399 43386
43383 43333
43259 43240
43168 43126
42937 42921
42663 42620
42547 42535
42410 42382
42069 42053
41645 41619
41513 41509
41403 41384
41381 41365
41104 41078
40630 40534
40530 40481
40466 40416
40316 40300
40104 40103
39869 39868
39843 39791
39698 39685
39464 39444
39420 39407
39248 39244
39019 38927
38820 38810
38799 38766
38706 38686
38586 38568
38563 38551
38508 38507
38416 38377
38369 38366
38100 38056
37926 37922
37654 37632
37618 37609
37409 37362
36949 36947
36646 36643
36495 36472
36396 36354
36330 36326
36212 36200
35958 35948
35730 35724
35701 35692
35670 35662
35655 35639
35435 35424
35348 35325
35277 35263
35158 35157
35064 35059
34912 34909
34473 34469
34290 34280
34046 34042
33826 33807
33618 33578
33516 33508
32932 32922
32872 32798
32582 32576
32127 32125
32007 32003
31873 31856
31832 31822
31780 31768
31343 31338
31315 31276
31249 31229
30988 30980
30934 30916
30901 30870
30623 30619
30498 30466
30417 30413
30383 30362
30323 30309
30004 29971
29840 29819
29572 29563
29540 29469
29384 29379
29376 29355
28977 28904
28573 28563
28531 28521
28369 28363
28282 28242
28092 28088
28038 28027
27716 27701
27577 27526
27408 27368
27237 27236
27227 27218
27184 27156
27129 27125
27109 27084
26903 26898
26783 26775
26575 26571
26495 26482
26442 26421
26410 26343
26301 26280
26182 26159
26113 26081
26002 25985
25938 25933
25883 25872
25783 25751
25734 25717
25622 25591
25544 25536
25481 25419
25182 25170
25157 25147
24543 24532
24368 24357
24106 24079
23972 23969
23857 23856
23474 23456
23326 23321
23271 23210
23202 23116
22813 22808
22542 22463
22436 22428
22407 22381
22356 22354
22204 22184
21956 21946
21551 21540
21414 21396
21169 21165
21115 21114
21063 21012
20774 20699
20614 20613
20606 20605
20176 20152
20117 20111
19958 19955
19880 19837
19706 19641
19606 19596
19448 19423
19417 19411
19374 19363
19326 19319
19307 19258
19013 18980
18866 18855
18756 18690
18352 18327
18197 18193
18161 18153
18125 18078
17806 17804
17672 17603
17557 17517
17273 17272
17131 17077
16999 16987
16725 16653
16639 16605
16488 16487
16462 16437
16434 16415
16408 16376
16370 16362
16186 16179
16139 16130
16068 16025
16010 16005
15769 15716
15630 15618
15350 15341
14982 14979
14905 14896
14763 14737
14724 14717
14712 14626
14595 14568
14395 14393
14233 14225
14221 14215
14063 14057
13549 13537
12722 12711
12467 12440
12402 12376
12236 12213
12107 12084
11882 11843
11713 11706
11389 11342
10637 10590
10359 10311
10297 10267
9944 9932
9925 9907
9633 9613
9211 9188
9042 9001
8353 8350
8139 8095
8082 8079
7742 7693
7269 7255
7033 6969
6884 6847
6702 6701
6655 6639
6576 6525
6456 6454
6189 6171
6127 6103
6089 6067
5500 5458
5449 5446
5345 5341
5242 5198
5179 5171
5170 5168
5030 5011
5006 4989
4955 4951
4702 4699
4553 4542
4434 4412
4071 4043
3768 3760
3737 3678
3549 3545
3424 3374
3366 3348
3320 3306
2916 2915
2584 2429
2421 2381
2333 2318
2295 2207
2074 2067
1805 1794
1757 1732
1550 1536
1498 1448
1424 1391
1386 1362
1221 1207
983 982
943 924
651 634
598 590
586 568
397 303
2 79985
79949 79934
79929 79895
79880 79834
79700 79692
79597 79595
78950 78947
78928 78882
78731 78717
78691 78614
78455 78440
78398 78395
78389 78368
77971 77951
77894 77889
77882 77856
77718 77690
77461 77451
77327 77324
77105 77095
76871 76784
76574 76567
76514 76501
76091 76058
75931 75924
75805 75741
75413 75409
75373 75368
75364 75339
75331 75289
75004 74986
74580 74577
74570 74544
74541 74527
74420 74416
74197 74170
74046 74027
73956 73932
73905 73887
73770 73718
73437 73421
73164 73158
72944 72941
72935 72924
72922 72917
72805 72785
72686 72660
72508 72498
72194 72174
72068 72050
72046 72031
71876 71873
71854 71844
71802 71792
71710 71685
71569 71559
71208 71205
71075 71052
70863 70822
70355 70327
70242 70203
69931 69909
69825 69820
69804 69800
69796 69770
69638 69611
69583 69548
69533 69519
69469 69425
69305 69288
69086 69040
68853 68835
68822 68777
68623 68616
68054 68048
67392 67328
67132 67081
67038 67024
67018 67016
66975 66908
66850 66837
66643 66573
66406 66395
66261 66252
66009 65924
65917 65855
65758 65733
65708 65648
65430 65427
65401 65381
65244 65236
65157 65137
64743 64741
64453 64446
64251 64237
64127 64076
63364 63352
63181 63168
62993 62976
62960 62919
62781 62770
62610 62589
62174 62143
62073 62059
61824 61812
61792 61787
61493 61492
61453 61439
61038 61026
60688 60674
59650 59643
59367 59366
59328 59323
59244 59238
59198 59168
59131 59116
59045 59021
58961 58951
58788 58772
58744 58743
58736 58693
58484 58472
58432 58410
58364 58363
58356 58339
58314 58294
58041 58002
57900 57896
57749 57745
57698 57682
57674 57664
57640 57635
57456 57450
57445 57431
57205 57202
56572 56553
56470 56448
56397 56392
56386 56369
56174 56171
56001 55976
55913 55903
55481 55478
55428 55419
55258 55220
55022 55005
54665 54612
54218 54203
54138 54112
53555 53524
53473 53459
53453 53430
53337 53314
53184 53174
53063 53058
52804 52785
52765 52709
52680 52676
52472 52466
52432 52373
52358 52348
52052 52050
51686 51672
51602 51597
51435 51432
51421 51402
51018 51010
50790 50745
50602 50598
50594 50582
50485 50474
50238 50215
49822 49813
49772 49759
49391 49388
49191 49161
49114 49100
49054 49015
48919 48894
48653 48611
48528 48501
48172 48160
48142 48141
48033 47977
47901 47891
47633 47610
47593 47583
47383 47373
47305 47302
47276 47207
47077 47076
47042 47032
46797 46782
46730 46727
46648 46643
46572 46490
46402 46379
46255 46223
45948 45938
45924 45913
45580 45572
45116 45109
45013 44968
44623 44597
44521 44494
44441 44423
44352 44338
44023 44002
43836 43822
43733 43667
43491 43471
43391 43389
42709 42691
42645 42533
42334 42330
42036 42013
41721 41713
41266 41244
41212 41200
41195 41129
41091 41090
41027 41024
40726 40714
40604 40599
40450 40412
40260 40257
40043 40040
39911 39898
39659 39639
39476 39457
39453 39430
38795 38783
38310 38304
38058 38041
37831 37828
37726 37725
37719 37717
37693 37657
37220 37218
37217 37203
37175 37171
37042 37011
36963 36920
36874 36871
36821 36799
36797 36794
36300 36295
36284 36266
36073 36059
35856 35853
35761 35744
35714 35702
35570 35545
35061 35036
34926 34900
34084 34006
33877 33875
33848 33793
33792 33790
33246 33238
33066 33057
32960 32957
32834 32816
32640 32627
32536 32524
32488 32479
32425 32410
32367 32363
32156 32126
31945 31925
31437 31421
31192 31188
31162 31161
31134 31129
31125 31121
30975 30914
30891 30885
30883 30874
30698 30683
30682 30604
30531 30525
30459 30430
30414 30359
30136 30092
29714 29711
29626 29621
29529 29521
29181 29151
29038 28935
28926 28924
28905 28903
28708 28691
27861 27858
27815 27804
27615 27611
27559 27550
27546 27523
27457 27430
27404 27402
27169 27124
26984 26977
26919 26918
26889 26857
26845 26828
26821 26815
26660 26659
26656 26653
26648 26611
26563 26546
26427 26416
25912 25881
25878 25857
25713 25701
25499 25475
25235 25224
24927 24910
24424 24420
24316 24315
24251 24250
23733 23723
23695 23694
23669 23666
23063 23054
22773 22756
22684 22669
22638 22637
22601 22498
22400 22396
22393 22379
22352 22273
22171 22151
22144 22143
22102 22080
21600 21529
21451 21446
21354 21347
21058 21027
20851 20820
20662 20659
19842 19840
19740 19733
19695 19674
19607 19604
19597 19585
19358 19318
19272 19267
19157 19150
18821 18781
18673 18655
18567 18527
18510 18495
18427 18424
18361 18317
17391 17347
17102 17095
16870 16850
16826 16818
16390 16361
16319 16317
16273 16196
15924 15880
15802 15795
15739 15718
15548 15545
15359 15342
15203 15171
15079 15069
15006 14953
14917 14881
14750 14668
14667 14658
14405 14337
14147 14135
14088 14048
13771 13742
13587 13573
13152 13144
13106 13105
13102 13093
13087 13064
12809 12806
12737 12732
12273 12268
12152 12146
12142 12120
12072 12068
11975 11969
11653 11602
11520 11508
11213 11208
11182 11168
10974 10932
10739 10738
10724 10718
10690 10594
10555 10535
9308 9306
9284 9276
9118 9108
8919 8906
8636 8635
8631 8625
8545 8532
8116 8115
7456 7372
7153 7129
7108 7104
6980 6965
6888 6827
6737 6736
6331 6318
6142 6140
5851 5849
5820 5811
5762 5730
5593 5585
5561 5515
5434 5430
5290 5283
5162 5135
4996 4980
4961 4952
4750 4717
4671 4658
4256 4254
4246 4245
4243 4242
3814 3798
3756 3695
3373 3350
2959 2948
2759 2707
2667 2621
2613 2612
2516 2508
2280 2267
1777 1776
1772 1754
1752 1703
1098 1096
1076 1061
1043 1030
1028 1023
828 780
482 458
423 405
377 356
216 200
111 63
77047 77015
74349 74301
73175 72999
63344 63211
57395 57373
56749 56685
49747 49740
48675 48620
45245 45237
44439 44405
42249 42209
39504 39277
36172 36117
32299 32280
32248 32207
30404 30119
28780 28730
21598 21504
16985 16962
12058 11995
8265 8220
79823 79794
79764 79744
79563 79542
79140 79105
78970 78916
77901 77879
77409 77341
76667 76666
76393 76374
76361 76327
76220 76212
75712 75700
75083 74981
74906 74877
74507 74500
74217 74184
74130 74128
73996 73989
73717 73710
73021 73011
72951 72907
72894 72867
72771 72741
71872 71853
70500 70485
70148 70118
69923 69919
69760 69749
69732 69731
68975 68952
68636 68613
68330 68270
68187 68176
68026 67992
67598 67595
67512 67458
67445 67418
67394 67333
66664 66661
65273 65252
64925 64897
64496 64475
64364 64334
63198 63179
62650 62636
62171 62170
61973 61966
61468 61412
59842 59834
59178 59177
58509 58433
58186 58185
57525 57512
57174 57129
57034 57013
56634 56628
55927 55925
55679 55671
55421 55402
55179 55165
54380 54365
54195 54139
54137 54076
54069 54009
52325 52311
52289 52254
51803 51785
51247 51243
50589 50579
50308 50306
50046 50032
49689 49646
49449 49395
48911 48908
48703 48700
48569 48539
48017 47998
47722 47708
46752 46712
46558 46477
46251 46224
46173 46158
45408 45380
44894 44862
44665 44661
44401 44391
43844 43839
43736 43734
43708 43682
42945 42941
42875 42863
42463 42437
42310 42305
41858 41840
41702 41686
41665 41655
41253 41249
40946 40907
40892 40885
40757 40703
40400 40346
40194 40152
40101 40098
40096 40066
40049 40034
39979 39975
39561 39493
39219 39211
39121 39113
