222
57932 57914
58080 58057
59027 58741
59499 59426
59306 59293
59242 59240
59783 59772
61841 61770
65363 65342
65026 64977
65271 65253
66331 66287
66659 66576
65524 65486
69972 69946
70476 70413
68168 68142
68611 68557
74444 74423
74536 74516
73400 73333
71909 71788
74402 74355
74028 74002
74750 74673
75424 75390
75619 75607
76102 75881
74991 74938
75489 75447
76223 76177
76928 76846
79221 79193
189 167
523 460
79775 79769
2869 2775
3312 3280
4328 4315
5100 5052
6034 6026
5882 5857
5122 5115
6464 6436
8784 8723
9984 9956
10820 10816
11322 11259
19384 19369
19977 19908
22856 22814
20059 20010
29079 29049
34150 34119
33915 33859
34585 34548
39097 39034
37826 37812
38557 38533
47465 47460
47394 47388
45901 45853
48778 48735
49468 49225
52087 52082
52881 52874
53197 53196
53311 53307
54836 54809
53251 53234
55798 55756
58231 58177
57484 57465
54409 54332
60983 60969
61623 61559
62965 62940
62096 62066
64288 64144
62352 62163
68480 68436
69110 69081
71131 71072
74137 74114
74515 74501
75275 75180
78968 78935
79930 79844
79421 79385
79575 79495
77604 77509
79628 79612
76590 76584
77199 77159
76260 76237
73599 73591
74897 74781
73217 73190
73686 73638
72190 72154
71381 71274
71214 71186
70270 70249
70084 70017
70240 70183
69898 69873
70767 70764
69821 69803
70717 70630
69317 69246
67683 67654
67196 67144
68973 68972
67110 67052
67617 67538
66157 66093
66429 66363
65882 65839
58534 58479
60887 60806
52263 52251
51359 51340
51442 51438
51784 51770
50221 50136
51127 51072
51305 51293
49975 49796
50081 49989
47687 47680
48527 48511
43157 43142
40621 40535
47128 46995
42121 42019
40303 40277
39895 39846
41877 41866
37269 37252
33957 33921
35427 35420
33183 33108
33481 33475
31891 31866
30989 30952
31377 31359
30588 30480
28112 27977
27149 27137
28891 28803
24951 24883
27380 27338
26448 26402
25161 25124
23831 23696
19800 19729
22918 22914
18576 18475
18911 18910
11501 11497
20684 20598
13318 13314
11982 11903
8711 8708
8583 8556
8515 8416
6579 6564
5241 5226
5797 5766
4069 4050
3452 3435
9476 9455
3001 2991
2955 2946
2366 2348
1526 1472
78868 78842
79161 79153
78476 78307
78063 78044
77092 77076
72292 72240
71169 71145
72891 72772
73791 73714
73529 73527
73496 73479
71062 70992
70390 70341
70163 70143
69185 69121
70604 70588
69475 69464
69560 69523
67802 67791
68008 67988
66963 66877
66565 66538
65467 65431
65229 65144
64656 64630
64595 64576
63837 63776
61979 61856
65581 65559
64942 64826
64321 64298
64728 64707
63201 63167
63750 63718
62120 62112
62896 62866
60779 60756
62502 62489
60530 60449
59896 59840
60043 60031
61541 61524
61359 61326
58723 58714
57885 57882
58238 58237
