1752
46977 46962
20036 20033
27079 27073
27448 27425
35412 35409
44695 44688
48906 48814
72469 72437
74523 74511
32051 32010
32853 32847
40264 40259
24990 24973
34470 34461
73686 73638
79930 79844
79628 79612
79575 79495
79421 79385
78968 78935
77604 77509
77199 77159
76590 76584
76260 76237
75275 75180
74897 74781
74515 74501
74137 74114
73599 73591
73217 73190
72190 72154
71381 71274
71214 71186
71131 71072
70767 70764
70717 70630
70270 70249
70240 70183
70084 70017
69898 69873
69821 69803
69317 69246
69110 69081
68973 68972
68480 68436
67683 67654
67617 67538
67196 67144
67110 67052
66429 66363
66157 66093
65882 65839
64288 64144
62965 62940
62352 62163
62096 62066
61623 61559
60983 60969
60887 60806
58534 58479
58231 58177
57484 57465
55798 55756
54836 54809
54409 54332
53311 53307
53251 53234
53197 53196
52881 52874
52263 52251
52087 52082
51784 51770
51442 51438
51359 51340
51305 51293
51127 51072
50221 50136
50081 49989
49975 49796
49468 49225
48778 48735
48527 48511
47687 47680
47465 47460
47394 47388
47128 46995
45901 45853
43157 43142
42121 42019
41877 41866
40621 40535
40303 40277
39895 39846
39097 39034
38557 38533
37826 37812
37269 37252
35427 35420
34585 34548
34150 34119
33957 33921
33915 33859
33481 33475
33183 33108
31891 31866
31377 31359
30989 30952
30588 30480
29079 29049
28891 28803
28112 27977
27380 27338
27149 27137
26448 26402
25161 25124
24951 24883
23831 23696
22918 22914
22856 22814
20684 20598
20059 20010
19977 19908
19800 19729
19384 19369
18911 18910
18576 18475
13318 13314
11982 11903
11501 11497
11322 11259
10820 10816
9984 9956
9476 9455
8784 8723
8711 8708
8583 8556
8515 8416
6579 6564
6464 6436
6034 6026
5882 5857
5797 5766
5241 5226
5122 5115
5100 5052
4328 4315
4069 4050
3452 3435
3312 3280
3001 2991
2955 2946
2869 2775
2366 2348
1526 1472
523 460
189 167
79775 79769
79221 79193
79161 79153
78868 78842
78476 78307
78063 78044
77092 77076
76928 76846
76223 76177
76102 75881
75619 75607
75489 75447
75424 75390
74991 74938
74750 74673
74536 74516
74444 74423
74402 74355
74028 74002
73791 73714
73529 73527
73496 73479
73400 73333
72891 72772
72292 72240
71909 71788
71169 71145
71062 70992
70604 70588
70476 70413
70390 70341
70163 70143
69972 69946
69560 69523
69475 69464
69185 69121
68611 68557
68168 68142
68008 67988
67802 67791
66963 66877
66659 66576
66565 66538
66331 66287
65581 65559
65524 65486
65467 65431
65363 65342
65271 65253
65229 65144
65026 64977
64942 64826
64728 64707
64656 64630
64595 64576
64321 64298
63837 63776
63750 63718
63201 63167
62896 62866
62502 62489
62120 62112
61979 61856
61841 61770
61541 61524
61359 61326
60779 60756
60530 60449
60043 60031
59896 59840
59783 59772
59499 59426
59306 59293
59242 59240
59027 58741
58723 58714
58238 58237
58169 58144
58080 58057
57932 57914
57885 57882
57781 57714
57704 57688
57334 57282
57276 57270
57248 57226
57098 57024
56927 56866
56640 56381
55754 55737
55356 55317
54900 54859
54785 54765
54764 54673
54443 54415
54258 54208
53589 53522
53193 53163
52567 52550
52533 52511
52077 52068
51951 51945
51853 51802
51288 51212
50361 50322
49138 49116
48888 48815
48402 48371
48129 48107
47991 47951
47719 47700
47672 47614
47425 47410
46993 46992
46656 46628
46616 46568
46541 46522
46504 46486
46410 46405
45279 45273
45102 45023
45000 44993
44988 44969
44835 44650
44526 44505
44064 43923
43522 43472
43412 43378
43264 43200
43020 43016
42931 42844
42786 42697
42273 42271
41968 41889
41484 41472
41164 41147
41110 40944
40644 40633
39945 39933
39795 39759
39636 39616
39587 39560
39011 38962
38662 38579
38576 38562
38517 38486
38289 38264
38263 38181
38069 38047
38013 37992
37436 37410
37213 36953
36887 36616
36251 36224
35976 35930
35880 35866
35575 35552
35511 35494
35371 35340
34927 34916
34764 34593
34431 34352
34322 34292
34232 34217
33058 33047
32759 32660
32145 32130
31920 31915
31827 31804
31667 31624
31512 31509
31448 31395
30842 30820
29896 29812
29743 29638
28585 28519
27899 27859
27788 27771
27691 27668
27540 27465
27283 27282
27204 27157
27021 27015
26913 26871
26863 26746
26727 26695
26649 26586
26390 26278
26080 26020
25993 25977
25779 25724
24766 24743
24735 24622
24512 24450
24364 24362
24301 24294
24234 24180
24149 24119
24097 24086
23963 23871
23520 23425
23389 23382
23310 23243
23232 23153
23137 23060
22859 22857
22722 22688
21916 21831
21752 21640
21432 21418
21150 21093
20954 20924
20757 20721
20363 20206
19360 19350
19080 19041
18809 18767
18663 18651
18457 18442
18441 18398
18345 18218
17409 17393
16943 16901
16832 16807
16795 16697
16521 16497
16403 16379
15888 15803
15438 15390
14460 14430
14029 14007
13959 13945
12957 12873
12687 12569
12300 12292
11613 11522
11482 11480
11399 11362
11175 11069
10456 10428
10324 10292
10017 10012
9942 9930
9892 9861
9836 9834
9679 9649
9320 9303
9293 9235
9197 9184
9079 8934
8895 8789
7953 7942
7891 7862
7760 7748
7690 7674
7642 7615
7389 7327
7182 7059
6835 6798
6786 6761
6253 6249
5265 5253
4967 4921
4855 4831
4554 4521
4477 4455
4041 4029
3722 3647
2689 2670
2657 2631
2423 2406
2046 1832
831 787
758 739
427 416
295 220
79993 79956
79822 79796
79337 79318
79168 79166
79032 78984
78667 78621
78602 78571
78502 78493
77869 77838
77787 77677
77366 77268
77149 77099
76773 76703
76461 76399
75586 75543
75380 75379
74264 74260
74080 74068
73855 73839
73302 73296
72430 72401
72322 72299
72126 72120
72099 72097
71484 71446
70135 70114
69872 69864
69678 69653
69424 69355
69352 69318
69225 69191
68803 68680
68542 68485
68129 68118
68107 68093
67980 67937
67345 67336
67298 67230
66821 66694
66528 66436
66340 66339
66241 66163
65887 65886
64773 64745
64540 64526
64502 64366
64143 64102
63122 63117
61438 61398
61300 61182
61170 61041
60705 60613
60428 60180
59914 59897
59690 59646
58604 58547
58471 58415
57870 57785
57567 57529
56948 56946
56347 56306
56157 56067
56017 55990
55901 55807
55271 55207
55176 55151
54506 54463
54299 54264
54007 53865
53861 53825
53650 53592
53517 53442
53434 53390
53162 53157
52836 52794
52634 52615
52374 52286
52172 52107
51941 51867
51740 51690
51659 51550
51431 51398
51068 51017
50995 50944
50940 50870
50687 50671
49609 49600
49076 49023
48588 48551
48487 48485
48359 48342
48336 48257
48054 48031
47833 47754
47300 47274
47264 47209
47197 47188
46514 46510
45731 45708
45672 45600
45593 45585
45469 45460
45440 45348
45187 45105
44863 44851
44608 44571
44300 44217
44158 44145
44138 44085
43770 43724
43704 43675
43666 43630
43001 42993
42482 42462
41749 41515
40911 40823
40514 40454
40436 40409
40240 40189
40045 40025
39599 39591
39262 39258
39251 39231
38453 38446
38436 38418
37708 37562
37502 37456
36528 36443
35849 35704
35683 35646
35518 35513
35200 35199
35136 35052
34866 34862
34839 34831
34539 34479
33806 33486
33458 33339
32639 32591
32420 32400
32202 32166
32105 32073
31985 31964
31507 31484
31350 31226
31111 31062
30787 30778
30107 30083
29791 29775
29607 29527
29365 29270
28728 28656
28231 28153
27637 27613
27428 27411
27278 27272
27264 27261
26514 26472
25941 25885
25675 25633
25569 25568
25249 25221
24874 24858
24852 24778
24614 24587
24573 24558
24444 24442
23617 23554
22870 22867
22480 22473
22408 22316
21828 21822
21638 21617
21084 21019
20850 20808
20571 20473
20115 20102
19414 19397
19245 19240
19213 19210
17275 17246
17203 17115
16113 16094
15584 15507
15382 15340
15337 15289
14871 14856
14848 14829
14764 14741
14726 14702
14661 14604
14352 14259
13851 13789
13773 13724
13714 13690
13483 13465
12857 12813
12385 12382
12228 12143
10745 10744
10715 10675
10405 10331
10279 10172
9576 9550
8670 8614
8363 8304
8033 8010
7972 7959
7419 7408
7278 7185
7024 6923
6351 6319
6099 6083
5950 5886
5749 5702
5597 5438
5324 5292
4268 4235
4155 4147
3866 3843
3533 3516
2903 2886
2630 2618
2590 2586
2266 2175
2174 2108
1796 1778
1641 1634
1452 1417
1342 1170
1141 1128
949 891
320 306
150 149
97 74
79369 79297
79080 79058
78905 78872
78795 78789
78788 78786
78610 78541
76162 76124
75827 75821
75817 75813
75309 75284
74946 74942
74655 74626
74405 74363
74352 74335
74036 74024
73979 73946
73581 73579
73403 73385
73273 73248
73053 73046
72784 72774
72644 72528
72036 72033
72016 72003
71934 71910
71810 71800
71437 71374
71305 71273
71265 71232
70943 70939
70474 70472
70464 70458
70451 70337
70267 70265
69905 69902
69896 69894
69681 69581
69334 69296
69263 69203
68993 68985
68806 68768
68420 68349
68156 68151
68103 68086
68067 68052
67731 67726
67689 67685
66929 66926
66597 66594
66578 66569
66553 66536
66399 66276
66253 66244
65978 65928
65890 65873
65766 65755
65153 65129
65045 64928
64885 64702
64649 64631
64528 64512
64261 64219
63798 63780
63743 63739
63225 63209
62603 62600
62534 62514
62092 62086
62034 62028
61874 61849
61793 61788
61739 61673
61637 61628
61370 61353
61331 61319
61079 61070
60770 60768
60660 60641
60437 60427
59773 59727
59703 59696
59623 59561
59492 59475
58825 58824
58676 58665
58598 58559
58366 58348
58319 58318
58156 58119
57700 57681
57428 57423
57095 57076
56695 56693
56548 56509
56445 56363
55902 55859
55838 55817
55789 55724
55668 55660
55562 55513
55498 55439
55397 55392
54959 54882
54717 54689
54418 54392
54224 54211
53673 53644
52995 52971
52800 52780
52416 52367
52241 52220
51741 51739
51527 51520
51368 51316
50728 50708
50668 50650
50624 50622
50167 50148
50121 50105
49639 49636
49339 49323
49203 49201
49148 49147
49056 49040
49024 49003
48995 48987
48498 48484
48473 48470
48135 48119
47894 47879
47686 47676
47673 47656
47483 47470
47162 47154
47145 47066
46939 46925
46634 46627
46324 46322
46212 46183
45940 45939
45581 45531
45519 45502
45211 45167
45092 45065
44631 44598
44435 44427
44333 44323
43233 43230
43076 43042
42733 42727
42296 42286
41972 41970
41969 41965
41960 41940
41831 41825
41777 41747
41599 41597
41586 41583
41556 41551
41508 41505
41496 41469
41361 41330
41221 41187
40279 40250
40150 40144
39786 39765
39732 39703
39299 39282
39188 39185
39179 39173
39166 39165
38740 38733
38538 38510
38426 38421
38153 38107
37791 37783
37665 37660
37495 37469
37333 37332
37239 37237
37236 37207
35574 35546
35483 35468
35135 35078
34851 34804
34587 34511
34425 34415
34273 34262
34251 34247
34241 34234
34211 34208
34054 34047
33951 33917
33779 33777
33768 33766
33571 33560
33414 33313
32570 32561
32432 32419
32258 32254
31961 31950
31683 31647
31557 31526
31365 31355
31275 31264
31047 31018
30783 30781
30757 30732
30397 30391
30210 30203
30188 30181
29801 29798
29750 29717
29345 29326
29324 29312
29158 29148
29042 29035
28847 28775
28674 28576
28078 28044
27808 27801
27365 27356
26986 26979
26726 26691
26690 26687
26558 26517
26468 26462
26246 26204
26056 26053
25680 25671
25290 25187
24949 24943
24902 24805
24422 24411
24317 24287
24261 24242
23846 23845
23755 23748
23637 23631
23622 23573
23486 23478
22639 22554
22261 22253
22142 22132
22100 22046
22004 21990
21843 21821
21784 21703
21459 21420
21251 21238
21175 21173
21100 21094
20630 20616
20472 20423
19520 19474
19226 19170
18823 18820
18036 18029
17953 17948
17743 17676
17430 17383
16963 16920
16909 16885
16794 16761
16296 16267
15868 15849
15813 15807
15791 15775
15665 15660
14807 14805
14284 14271
13784 13757
13535 13526
13520 13503
12935 12915
11697 11695
11642 11641
11571 11554
11541 11504
10485 10471
10387 10378
9355 9342
8710 8582
8388 8373
8057 8015
7948 7938
7531 7523
7398 7396
6794 6783
5817 5773
5573 5565
5278 5276
4925 4882
4472 4463
4135 4132
3882 3863
3849 3836
3517 3514
3456 3451
3182 3071
3025 3017
2928 2917
2912 2866
2747 2743
2714 2709
2696 2639
2427 2424
1765 1758
1264 1222
1191 1169
1125 1115
685 681
79292 79286
78796 78791
78018 77941
76700 76647
76508 76463
75830 75724
75060 75011
74203 74169
72956 72915
72714 72684
72568 72535
72220 72209
70928 70915
70904 70896
70627 70606
69798 69782
69775 69698
69622 69598
67033 67004
66843 66831
65815 65689
65546 65531
63976 63940
63897 63893
63591 63480
62865 62826
62683 62681
62463 62377
62104 62101
60925 60900
60168 60156
59625 59585
58659 58640
56844 56757
55619 55448
55203 55201
55017 54954
54910 54904
54046 54039
52671 52661
52450 52412
51192 51164
50801 50714
50291 50239
49718 49714
47942 47864
46703 46673
46447 46438
46401 46330
46244 46127
46041 45929
45844 45750
44399 44360
43894 43843
42390 42373
41996 41973
41839 41836
41449 41372
41268 41251
40711 40683
39994 39958
38913 38825
38791 38730
37809 37799
37344 37303
36409 36379
36105 35983
35481 35443
34069 34035
33334 33194
32334 32331
30058 29967
29939 29929
29910 29900
29046 28947
28404 28339
27558 27552
27445 27441
27335 27316
27115 27094
26261 26203
25315 25288
22673 22502
22444 22417
22291 21962
21417 21332
20443 20431
20420 20414
20166 20139
19693 19546
18966 18946
18179 18117
17861 17732
17354 17328
16632 16625
16543 16542
16215 16212
15491 15448
15076 15048
15032 14977
14927 14893
14574 14563
14206 14033
13630 13628
12492 12421
12128 12064
11789 11739
11692 11647
10867 10857
10608 10607
9924 9905
9829 9780
9618 9592
8128 8064
7741 7720
7505 7426
6900 6863
6548 6521
5407 5353
5280 5269
4638 4613
3943 3907
3755 3748
1737 1678
1104 1052
79850 79845
79707 79691
79573 79572
79513 79464
79454 79429
79051 79000
78776 78721
78500 78489
78439 78399
78328 78319
78174 78171
78088 78076
77876 77848
77833 77821
77759 77720
77663 77590
77314 77306
77295 77265
77169 77147
77145 77143
77114 77091
77088 77058
76952 76900
76809 76807
76750 76731
76292 76283
76203 76165
76001 75969
75956 75914
75878 75860
75593 75588
75534 75502
75412 75352
75348 75346
75182 75172
75168 75154
74928 74925
74856 74824
74812 74810
74809 74806
74725 74690
74598 74593
74174 74160
74156 74143
74023 74018
73925 73908
73884 73860
73820 73802
73784 73771
73639 73619
73577 73571
73565 73564
73431 73417
73103 73074
73036 73035
72980 72974
72832 72828
72812 72798
72729 72685
72520 72475
72422 72389
72332 72323
72321 72319
72271 72237
72173 72163
72149 72134
72121 72044
71993 71991
71908 71887
71834 71827
71774 71756
71691 71681
71541 71535
71532 71498
71474 71462
71359 71330
71187 71177
70893 70878
70798 70745
70683 70667
70666 70638
70629 70617
70579 70546
70331 70295
70243 70191
70067 70032
69945 69936
69535 69488
69430 69376
69354 69351
69348 69335
69180 69174
69152 69140
69130 69101
68826 68818
68584 68574
68553 68552
68468 68434
68209 68195
68169 68162
68075 68074
68072 68071
67943 67929
67752 67739
67180 67165
67114 67094
67039 67020
67008 66960
66958 66942
66925 66852
66796 66793
66712 66691
66190 66087
65720 65696
65632 65624
65179 65173
64693 64672
64591 64530
64205 64198
64158 64145
64117 64033
63978 63941
63737 63733
63730 63704
63669 63644
63603 63601
63446 63376
63107 63076
62986 62984
62950 62939
62931 62897
62864 62846
62723 62710
62707 62677
62624 62614
62585 62575
62495 62479
62404 62401
62350 62341
62337 62325
62226 62215
62199 62193
62182 62173
62080 62036
61944 61919
61653 61640
61616 61589
61557 61555
61264 61117
61046 61037
60982 60973
60570 60560
60551 60516
60319 60305
60064 60061
60052 60042
60019 59992
59861 59856
59826 59807
59802 59801
59792 59790
59678 59668
59310 59268
59171 59162
59161 59143
59073 59016
58991 58990
58892 58883
58862 58859
58657 58643
58546 58530
58194 58192
58173 58160
58101 58092
58088 58074
58038 58005
57961 57958
57899 57892
57856 57789
57786 57776
57775 57737
57665 57627
57560 57541
57464 57430
57259 57199
57121 57120
56856 56833
56792 56773
56565 56549
56360 56349
56346 56299
56271 56176
56089 56068
56051 56005
55983 55964
55643 55599
55309 55307
55238 55206
55134 55130
54780 54756
54674 54661
54598 54478
54472 54469
54466 54446
54354 54346
54325 54290
53996 53945
53876 53870
53818 53783
53629 53622
53532 53501
53451 53449
53435 53396
53240 53232
53208 53194
53164 53126
53119 53093
52768 52759
52480 52456
52212 52197
52104 52092
52089 52065
52005 51972
51777 51753
51653 51652
51616 51595
51498 51451
51066 51021
51015 50962
50953 50941
50894 50891
50753 50749
50532 50505
50491 50478
50440 50415
50384 50364
50203 50195
50024 50018
50002 49966
49955 49915
49897 49885
49737 49726
49610 49607
49566 49540
49530 49496
49167 49164
49157 49154
49110 49104
48617 48591
48322 48254
48229 48225
48112 48105
48068 48020
47826 47818
47774 47729
47598 47564
47396 47344
47202 47180
46910 46865
46709 46655
46618 46610
46576 46574
46566 46564
46414 46353
46312 46279
45894 45883
45764 45762
45464 45448
45095 45093
45048 44999
44755 44743
44729 44708
44659 44636
44594 44572
44557 44549
44492 44482
44385 44367
44266 44256
44210 44206
44151 44136
44084 44004
43960 43959
43930 43916
43889 43871
43677 43654
43564 43535
43483 43457
43301 43269
43104 43089
43029 43025
42908 42884
42823 42780
42753 42747
42720 42702
42534 42519
42418 42416
42363 42326
42215 42172
42165 42160
42032 41976
41925 41879
41870 41864
41735 41726
41719 41712
41467 41451
41321 41294
41065 41064
41039 41002
40881 40825
40669 40657
40236 40215
40136 40122
39936 39928
39629 39573
39371 39370
39365 39330
39312 39311
39308 39306
39281 39250
39098 39060
39040 39026
38868 38846
38840 38839
38675 38670
38629 38609
38504 38465
38324 38311
38242 38193
38050 38010
37921 37796
37737 37706
37608 37604
37592 37515
37498 37497
37453 37412
37159 37103
37059 37055
37038 37008
36922 36917
36774 36756
36723 36722
36673 36663
36631 36603
36521 36509
36069 36040
36021 35999
35922 35894
35816 35787
35613 35586
35530 35523
35378 35356
35285 35281
35259 35257
35209 35193
34794 34782
34505 34497
34408 34368
34347 34329
34022 34000
33913 33909
33902 33891
33684 33679
33265 33239
33233 33208
33182 33170
33094 33070
33028 32955
32769 32727
32724 32720
32717 32651
32555 32455
32194 32184
32117 32055
32052 32028
31751 31746
31731 31698
31506 31460
31455 31372
31354 31352
31215 31211
31075 31073
30958 30938
30544 30530
30528 30503
30428 30425
30242 30211
29955 29931
29872 29849
29468 29428
29413 29393
29276 29259
29217 29199
29189 29166
28997 28978
28758 28756
28743 28719
28515 28435
28105 28096
27956 27851
27633 27631
27305 27291
27151 27141
27031 27018
26945 26922
26885 26839
26774 26754
26677 26661
26634 26597
26136 26117
25906 25894
25578 25571
25403 25383
25336 25321
25297 25294
25089 25045
24992 24962
24710 24649
24592 24583
24577 24570
24464 24432
24410 24398
24194 24191
23968 23881
23837 23826
23783 23777
23730 23704
23559 23544
23450 23446
23319 23294
22949 22844
22761 22713
22711 22685
22227 22223
21965 21960
21894 21885
21874 21847
21661 21595
21585 21574
21523 21511
21275 21270
21216 21186
21134 21125
21091 21071
21006 20971
20686 20685
20665 20658
20421 20418
20406 20404
20380 20321
20250 20237
20142 20133
20099 20045
19989 19988
19582 19541
19330 19327
19165 19153
19123 19119
19101 19064
18908 18876
18811 18769
18524 18501
18440 18425
18386 18363
18320 18292
18275 18233
18209 18201
18170 18169
18136 18132
17788 17768
17497 17494
17175 17145
17072 17022
16824 16820
16584 16568
16305 16301
16128 16097
15966 15939
15937 15932
15918 15871
15700 15669
15577 15557
14955 14907
14849 14834
14509 14495
14204 14201
14166 14162
14152 14130
14081 14072
13675 13670
13662 13635
13615 13604
13464 13413
13386 13379
13307 13274
13043 13026
13022 13006
12887 12824
12779 12730
12691 12689
12664 12620
12338 12309
12307 12286
12177 12147
12082 12033
12014 11908
11608 11599
11485 11419
11407 11397
11330 11327
11195 11143
11111 11079
11074 11038
10978 10973
10947 10910
10830 10805
10710 10702
10461 10425
10248 10238
10184 10130
10096 10038
9596 9582
9570 9554
9514 9467
9380 9379
9324 9261
9057 9044
8974 8952
8799 8752
8541 8505
8494 8468
8330 8284
8270 8269
8242 8230
8213 8197
7999 7996
7781 7780
7520 7515
7476 7447
7385 7337
7308 7294
7133 7131
7126 7079
6944 6887
6836 6796
6781 6768
6756 6710
6476 6475
6344 6332
6326 6245
6062 5956
5768 5750
5739 5710
5698 5660
5644 5637
5629 5610
5598 5581
5563 5560
5527 5510
5121 5104
4779 4768
4765 4753
4674 4600
4460 4448
4441 4440
4303 4189
4125 4103
4016 3885
3829 3815
3666 3572
3482 3470
3465 3457
3332 3322
3286 3278
3211 3184
2823 2818
2798 2768
2376 2356
2195 2186
2161 2154
2133 2105
1993 1936
1928 1886
1787 1771
1623 1618
1593 1559
1361 1317
1204 1200
1064 1058
822 800
794 785
777 728
722 718
706 689
162 116
39 26
78743 78741
78567 78521
78186 78114
72514 72506
71263 71251
70854 70783
68850 68834
68335 68333
68078 68047
67625 67624
64821 64791
60077 60048
59565 59550
58638 58611
58403 58290
55311 55283
52791 52692
50587 50394
47863 47848
43447 43441
42295 42282
42180 42142
36914 36907
34981 34953
32355 32354
31730 31672
29266 29234
29195 29182
28463 28454
28450 28430
27049 27028
26741 26736
23553 23531
20185 20168
19905 19829
19196 19172
18899 18833
16479 16429
15748 15737
13582 13576
13244 13077
11012 10987
10156 10068
8406 8375
6860 6850
6700 6699
3994 3970
3543 3540
3185 3120
2545 2487
364 352
38 79950
79940 79902
