1108
40264 40259
79930 79844
79628 79612
79575 79495
79421 79385
78968 78935
77604 77509
77199 77159
76590 76584
76260 76237
75275 75180
74897 74781
74515 74501
74137 74114
73686 73638
73599 73591
73217 73190
72190 72154
71381 71274
71214 71186
71131 71072
70767 70764
70717 70630
70270 70249
70240 70183
70084 70017
69898 69873
69821 69803
69317 69246
69110 69081
68973 68972
68480 68436
67683 67654
67617 67538
67196 67144
67110 67052
66429 66363
66157 66093
65882 65839
64288 64144
62965 62940
62352 62163
62096 62066
61623 61559
60983 60969
60887 60806
58534 58479
58231 58177
57484 57465
55798 55756
54836 54809
54409 54332
53311 53307
53251 53234
53197 53196
52881 52874
52263 52251
52087 52082
51784 51770
51442 51438
51359 51340
51305 51293
51127 51072
50221 50136
50081 49989
49975 49796
49468 49225
48778 48735
48527 48511
47687 47680
47465 47460
47394 47388
47128 46995
45901 45853
43157 43142
42121 42019
41877 41866
40621 40535
40303 40277
39895 39846
39097 39034
38557 38533
37826 37812
37269 37252
35427 35420
34585 34548
34150 34119
33957 33921
33915 33859
33481 33475
33183 33108
31891 31866
31377 31359
30989 30952
30588 30480
29079 29049
28891 28803
28112 27977
27380 27338
27149 27137
26448 26402
25161 25124
24951 24883
23831 23696
22918 22914
22856 22814
20684 20598
20059 20010
19977 19908
19800 19729
19384 19369
18911 18910
18576 18475
13318 13314
11982 11903
11501 11497
11322 11259
10820 10816
9984 9956
9476 9455
8784 8723
8711 8708
8583 8556
8515 8416
6579 6564
6464 6436
6034 6026
5882 5857
5797 5766
5241 5226
5122 5115
5100 5052
4328 4315
4069 4050
3452 3435
3312 3280
3001 2991
2955 2946
2869 2775
2366 2348
1526 1472
523 460
189 167
79775 79769
79221 79193
79161 79153
78868 78842
78476 78307
78063 78044
77092 77076
76928 76846
76223 76177
76102 75881
75619 75607
75489 75447
75424 75390
74991 74938
74750 74673
74536 74516
74444 74423
74402 74355
74028 74002
73791 73714
73529 73527
73496 73479
73400 73333
72891 72772
72292 72240
71909 71788
71169 71145
71062 70992
70604 70588
70476 70413
70390 70341
70163 70143
69972 69946
69560 69523
69475 69464
69185 69121
68611 68557
68168 68142
68008 67988
67802 67791
66963 66877
66659 66576
66565 66538
66331 66287
65581 65559
65524 65486
65467 65431
65363 65342
65271 65253
65229 65144
65026 64977
64942 64826
64728 64707
64656 64630
64595 64576
64321 64298
63837 63776
63750 63718
63201 63167
62896 62866
62502 62489
62120 62112
61979 61856
61841 61770
61541 61524
61359 61326
60779 60756
60530 60449
60043 60031
59896 59840
59783 59772
59499 59426
59306 59293
59242 59240
59027 58741
58723 58714
58238 58237
58169 58144
58080 58057
57932 57914
57885 57882
57781 57714
57704 57688
57334 57282
57276 57270
57248 57226
57098 57024
56927 56866
56640 56381
55754 55737
55356 55317
54900 54859
54785 54765
54764 54673
54443 54415
54258 54208
53589 53522
53193 53163
52567 52550
52533 52511
52077 52068
51951 51945
51853 51802
51288 51212
50361 50322
49138 49116
48888 48815
48402 48371
48129 48107
47991 47951
47719 47700
47672 47614
47425 47410
46993 46992
46656 46628
46616 46568
46541 46522
46504 46486
46410 46405
45279 45273
45102 45023
45000 44993
44988 44969
44835 44650
44526 44505
44064 43923
43522 43472
43412 43378
43264 43200
43020 43016
42931 42844
42786 42697
42273 42271
41968 41889
41484 41472
41164 41147
41110 40944
40644 40633
39945 39933
39795 39759
39636 39616
39587 39560
39011 38962
38662 38579
38576 38562
38517 38486
38289 38264
38263 38181
38069 38047
38013 37992
37436 37410
37213 36953
36887 36616
36251 36224
35976 35930
35880 35866
35575 35552
35511 35494
35371 35340
34927 34916
34764 34593
34470 34461
34431 34352
34322 34292
34232 34217
33058 33047
32759 32660
32145 32130
31920 31915
31827 31804
31667 31624
31512 31509
31448 31395
30842 30820
29896 29812
29743 29638
28585 28519
27899 27859
27788 27771
27691 27668
27540 27465
27283 27282
27204 27157
27021 27015
26913 26871
26863 26746
26727 26695
26649 26586
26390 26278
26080 26020
25993 25977
25779 25724
24990 24973
24766 24743
24735 24622
24512 24450
24364 24362
24301 24294
24234 24180
24149 24119
24097 24086
23963 23871
23520 23425
23389 23382
23310 23243
23232 23153
23137 23060
22859 22857
22722 22688
21916 21831
21752 21640
21432 21418
21150 21093
20954 20924
20757 20721
20363 20206
19360 19350
19080 19041
18809 18767
18663 18651
18457 18442
18441 18398
18345 18218
17409 17393
16943 16901
16832 16807
16795 16697
16521 16497
16403 16379
15888 15803
15438 15390
14460 14430
14029 14007
13959 13945
12957 12873
12687 12569
12300 12292
11613 11522
11482 11480
11399 11362
11175 11069
10456 10428
10324 10292
10017 10012
9942 9930
9892 9861
9836 9834
9679 9649
9320 9303
9293 9235
9197 9184
9079 8934
8895 8789
7953 7942
7891 7862
7760 7748
7690 7674
7642 7615
7389 7327
7182 7059
6835 6798
6786 6761
6253 6249
5265 5253
4967 4921
4855 4831
4554 4521
4477 4455
4041 4029
3722 3647
2689 2670
2657 2631
2423 2406
2046 1832
831 787
758 739
427 416
295 220
79993 79956
79822 79796
79337 79318
79168 79166
79032 78984
78667 78621
78602 78571
78502 78493
77869 77838
77787 77677
77366 77268
77149 77099
76773 76703
76461 76399
75586 75543
75380 75379
74264 74260
74080 74068
73855 73839
73302 73296
72430 72401
72322 72299
72126 72120
72099 72097
71484 71446
70135 70114
69872 69864
69678 69653
69424 69355
69352 69318
69225 69191
68803 68680
68542 68485
68129 68118
68107 68093
67980 67937
67345 67336
67298 67230
66821 66694
66528 66436
66340 66339
66241 66163
65887 65886
64773 64745
64540 64526
64502 64366
64143 64102
63122 63117
61438 61398
61300 61182
61170 61041
60705 60613
60428 60180
59914 59897
59690 59646
58604 58547
58471 58415
57870 57785
57567 57529
56948 56946
56347 56306
56157 56067
56017 55990
55901 55807
55271 55207
55176 55151
54506 54463
54299 54264
54007 53865
53861 53825
53650 53592
53517 53442
53434 53390
53162 53157
52836 52794
52634 52615
52374 52286
52172 52107
51941 51867
51740 51690
51659 51550
51431 51398
51068 51017
50995 50944
50940 50870
50687 50671
49609 49600
49076 49023
48588 48551
48487 48485
48359 48342
48336 48257
48054 48031
47833 47754
47300 47274
47264 47209
47197 47188
46514 46510
45731 45708
45672 45600
45593 45585
45469 45460
45440 45348
45187 45105
44863 44851
44608 44571
44300 44217
44158 44145
44138 44085
43770 43724
43704 43675
43666 43630
43001 42993
42482 42462
41749 41515
40911 40823
40514 40454
40436 40409
40240 40189
40045 40025
39599 39591
39262 39258
39251 39231
38453 38446
38436 38418
37708 37562
37502 37456
36528 36443
35849 35704
35683 35646
35518 35513
35200 35199
35136 35052
34866 34862
34839 34831
34539 34479
33806 33486
33458 33339
32853 32847
32639 32591
32420 32400
32202 32166
32105 32073
31985 31964
31507 31484
31350 31226
31111 31062
30787 30778
30107 30083
29791 29775
29607 29527
29365 29270
28728 28656
28231 28153
27637 27613
27428 27411
27278 27272
27264 27261
26514 26472
25941 25885
25675 25633
25569 25568
25249 25221
24874 24858
24852 24778
24614 24587
24573 24558
24444 24442
23617 23554
22870 22867
22480 22473
22408 22316
21828 21822
21638 21617
21084 21019
20850 20808
20571 20473
20115 20102
19414 19397
19245 19240
19213 19210
17275 17246
17203 17115
16113 16094
15584 15507
15382 15340
15337 15289
14871 14856
14848 14829
14764 14741
14726 14702
14661 14604
14352 14259
13851 13789
13773 13724
13714 13690
13483 13465
12857 12813
12385 12382
12228 12143
10745 10744
10715 10675
10405 10331
10279 10172
9576 9550
8670 8614
8363 8304
8033 8010
7972 7959
7419 7408
7278 7185
7024 6923
6351 6319
6099 6083
5950 5886
5749 5702
5597 5438
5324 5292
4268 4235
4155 4147
3866 3843
3533 3516
2903 2886
2630 2618
2590 2586
2266 2175
2174 2108
1796 1778
1641 1634
1452 1417
1342 1170
1141 1128
949 891
320 306
150 149
97 74
79369 79297
79080 79058
78905 78872
78795 78789
78788 78786
78610 78541
76162 76124
75827 75821
75817 75813
75309 75284
74946 74942
74655 74626
74405 74363
74352 74335
74036 74024
73979 73946
73581 73579
73403 73385
73273 73248
73053 73046
72784 72774
72644 72528
72036 72033
72016 72003
71934 71910
71810 71800
71437 71374
71305 71273
71265 71232
70943 70939
70474 70472
70464 70458
70451 70337
70267 70265
69905 69902
69896 69894
69681 69581
69334 69296
69263 69203
68993 68985
68806 68768
68420 68349
68156 68151
68103 68086
68067 68052
67731 67726
67689 67685
66929 66926
66597 66594
66578 66569
66553 66536
66399 66276
66253 66244
65978 65928
65890 65873
65766 65755
65153 65129
65045 64928
64885 64702
64649 64631
64528 64512
64261 64219
63798 63780
63743 63739
63225 63209
62603 62600
62534 62514
62092 62086
62034 62028
61874 61849
61793 61788
61739 61673
61637 61628
61370 61353
61331 61319
61079 61070
60770 60768
60660 60641
60437 60427
59773 59727
59703 59696
59623 59561
59492 59475
58825 58824
58676 58665
58598 58559
58366 58348
58319 58318
58156 58119
57700 57681
57428 57423
57095 57076
56695 56693
56548 56509
56445 56363
55902 55859
55838 55817
55789 55724
55668 55660
55562 55513
55498 55439
55397 55392
54959 54882
54717 54689
54418 54392
54224 54211
53673 53644
52995 52971
52800 52780
52416 52367
52241 52220
51741 51739
51527 51520
51368 51316
50728 50708
50668 50650
50624 50622
50167 50148
50121 50105
49639 49636
49339 49323
49203 49201
49148 49147
49056 49040
49024 49003
48995 48987
48498 48484
48473 48470
48135 48119
47894 47879
47686 47676
47673 47656
47483 47470
47162 47154
47145 47066
46939 46925
46634 46627
46324 46322
46212 46183
45940 45939
45581 45531
45519 45502
45211 45167
45092 45065
44631 44598
44435 44427
44333 44323
43233 43230
43076 43042
42733 42727
42296 42286
41972 41970
41969 41965
41960 41940
41831 41825
41777 41747
41599 41597
41586 41583
41556 41551
41508 41505
41496 41469
41361 41330
41221 41187
40279 40250
40150 40144
39786 39765
39732 39703
39299 39282
39188 39185
39179 39173
39166 39165
38740 38733
38538 38510
38426 38421
38153 38107
37791 37783
37665 37660
37495 37469
37333 37332
37239 37237
37236 37207
35574 35546
35483 35468
35135 35078
34851 34804
34587 34511
34425 34415
34273 34262
34251 34247
34241 34234
34211 34208
34054 34047
33951 33917
33779 33777
33768 33766
33571 33560
33414 33313
32570 32561
32432 32419
32258 32254
31961 31950
31683 31647
31557 31526
31365 31355
31275 31264
31047 31018
30783 30781
30757 30732
30397 30391
30210 30203
30188 30181
29801 29798
29750 29717
29345 29326
29324 29312
29158 29148
29042 29035
28847 28775
28674 28576
28078 28044
27808 27801
27365 27356
26986 26979
26726 26691
26690 26687
26558 26517
26468 26462
26246 26204
26056 26053
25680 25671
25290 25187
24949 24943
24902 24805
24422 24411
24317 24287
24261 24242
23846 23845
23755 23748
23637 23631
23622 23573
23486 23478
22639 22554
22261 22253
22142 22132
22100 22046
22004 21990
21843 21821
21784 21703
21459 21420
21251 21238
21175 21173
21100 21094
20630 20616
20472 20423
19520 19474
19226 19170
18823 18820
18036 18029
17953 17948
17743 17676
17430 17383
16963 16920
16909 16885
16794 16761
16296 16267
15868 15849
15813 15807
15791 15775
15665 15660
14807 14805
14284 14271
13784 13757
13535 13526
13520 13503
12935 12915
11697 11695
11642 11641
11571 11554
11541 11504
10485 10471
10387 10378
9355 9342
8710 8582
8388 8373
8057 8015
7948 7938
7531 7523
7398 7396
6794 6783
5817 5773
5573 5565
5278 5276
4925 4882
4472 4463
4135 4132
3882 3863
3849 3836
3517 3514
3456 3451
3182 3071
3025 3017
2928 2917
2912 2866
2747 2743
2714 2709
2696 2639
2427 2424
1765 1758
1264 1222
1191 1169
1125 1115
685 681
79292 79286
78796 78791
78018 77941
76700 76647
76508 76463
75830 75724
75060 75011
74203 74169
72956 72915
72714 72684
72568 72535
72220 72209
70928 70915
70904 70896
70627 70606
69798 69782
69775 69698
69622 69598
67033 67004
66843 66831
65815 65689
65546 65531
63976 63940
63897 63893
63591 63480
62865 62826
62683 62681
62463 62377
62104 62101
60925 60900
60168 60156
59625 59585
58659 58640
56844 56757
55619 55448
55203 55201
55017 54954
54910 54904
54046 54039
52671 52661
52450 52412
51192 51164
50801 50714
50291 50239
49718 49714
47942 47864
46703 46673
46447 46438
46401 46330
46244 46127
46041 45929
45844 45750
44399 44360
43894 43843
42390 42373
41996 41973
41839 41836
41449 41372
41268 41251
40711 40683
39994 39958
38913 38825
38791 38730
37809 37799
37344 37303
36409 36379
36105 35983
35481 35443
34069 34035
33334 33194
32334 32331
32051 32010
30058 29967
29939 29929
29910 29900
29046 28947
28404 28339
27558 27552
27445 27441
27335 27316
27115 27094
26261 26203
25315 25288
22673 22502
22444 22417
22291 21962
21417 21332
20443 20431
20420 20414
20166 20139
19693 19546
18966 18946
18179 18117
17861 17732
17354 17328
16632 16625
16543 16542
16215 16212
15491 15448
15076 15048
15032 14977
14927 14893
14574 14563
14206 14033
13630 13628
12492 12421
12128 12064
11789 11739
11692 11647
10867 10857
10608 10607
9924 9905
9829 9780
9618 9592
8128 8064
7741 7720
7505 7426
6900 6863
6548 6521
5407 5353
5280 5269
4638 4613
3943 3907
3755 3748
1737 1678
1104 1052
79850 79845
79707 79691
79573 79572
79513 79464
79454 79429
79051 79000
78776 78721
78500 78489
78439 78399
78328 78319
78174 78171
78088 78076
77876 77848
