9021
24925
2244
39258
1943
4198
10357
3478
17354
15567
42258
2797
11708
1434
8688
8888
35818
22589
28534
18125
6074
5667
16479
23814
13743
438
38263
16392
19618
53400
1301
5530
20962
5491
8684
16449
5626
6139
8114
5452
23763
9759
13224
18626
33905
5268
3783
1583
4506
3420
14329
2789
34113
15159
27429
5920
13718
53132
3541
48403
14599
27907
42445
7827
16720
10024
27051
23824
17637
6491
7963
2388
66729
13739
5936
3099
2742
5173
19910
20783
13316
2880
36466
53534
35628
19870
41762
30329
4789
49402
6410
63438
4900
479
33729
1895
44346
10503
21978
20664
25607
15400
22746
20605
4435
20060
11386
11304
44189
22323
12268
6165
9471
12840
4385
32907
2369
12151
4950
6388
113
40183
20136
747
9014
53948
10557
22099
47053
15999
3529
22923
22063
7640
22306
4740
19912
19781
13487
69040
16289
31679
17678
16478
18782
6478
15668
15374
4855
29240
37266
58718
21007
9199
1206
40407
2116
7522
3532
73008
53279
6408
41273
25229
34413
5082
62077
16147
53425
4532
18953
36698
3064
14693
4478
5252
22916
29836
23460
44138
4110
28337
2900
2262
26602
8368
13233
32081
9029
19634
145
16640
22987
3553
5836
12240
8734
3685
15761
3538
45056
12734
22480
13260
47011
8334
2846
5332
2905
15377
15018
20057
14805
23034
23518
2089
140
7613
11981
11000
16726
28622
37818
17363
10324
3850
42998
8109
19001
11140
4264
370
1262
12065
6682
8907
2769
1200
11685
5781
3125
17406
2222
5864
12643
1379
39037
11322
14161
11096
3951
5164
23375
5031
439
37636
2056
18401
36654
35610
9938
11378
16406
4666
43779
5610
12972
11134
16985
15388
29893
53182
52375
1832
4766
5750
26818
6470
14502
7241
7184
27696
23547
43305
2030
1885
8187
3148
17310
8929
42431
15946
4314
5788
40718
8517
6891
69510
16233
30269
18962
8180
28759
9387
9592
63560
8739
19093
16006
166
8007
71502
4788
22623
13249
7828
11739
30232
12615
8754
19731
7519
15048
4289
22912
21728
30208
4917
13765
6938
17976
59163
32368
30488
12686
20562
4698
14451
21507
15461
32903
21816
32279
8742
7344
1038
38384
10994
25749
4908
5563
20191
28934
4775
13211
21994
11558
2296
55514
33519
8313
57292
13518
27882
1396
679
23492
28318
9865
5418
15965
20638
8021
10522
20815
4268
1224
1866
4622
28708
42253
3543
4704
7751
25024
31335
37224
2112
28073
9179
17351
889
9013
7975
58505
12539
10590
869
5985
24466
21979
385
1834
13968
932
5928
1335
18250
702
21599
17427
16685
14607
3465
13006
46430
13192
11975
13357
25779
4
4953
1477
18894
18654
19761
27744
3935
8413
24203
11070
15955
14185
5962
46877
14
77011
3257
38200
20968
21159
55732
18305
29685
224
5059
26276
36168
29117
16588
7110
32263
37299
39938
7903
22854
34477
4253
16599
5296
1716
16889
19018
12587
26445
16253
8310
12650
2190
15647
4637
614
47862
28508
9327
1026
7462
9737
1460
15319
5597
34820
33870
10946
17936
921
37264
15396
28034
17413
5199
54974
18685
5844
17945
18992
1007
460
45085
12375
12541
41633
1549
46730
19178
3409
26183
16612
11771
29108
5737
30735
10404
11373
11417
43034
13337
9406
4856
35913
43329
33896
10521
20460
1119
18200
38059
10463
7617
13469
3469
13914
3428
19162
503
54739
5602
24
11285
4472
485
7144
10395
38111
15871
6651
15850
20658
3131
1126
34872
43854
35700
40631
19155
2961
2344
41302
8858
39588
956
29902
4681
42771
607
30568
15391
13707
28460
18673
6070
6245
3661
29556
4762
10704
39449
21380
25147
36889
574
48724
22637
14338
20917
4854
1955
34473
11219
2752
6198
4155
3350
5690
1324
60765
27944
27050
23415
49747
6928
13842
16218
19299
21076
10793
23221
14856
23191
27601
8571
16705
6527
12422
11673
59805
6799
9266
1611
30929
28145
31551
1997
19236
796
2875
15044
5911
17076
4958
3886
97
1542
8231
6103
6499
10021
9198
68488
6063
8248
3130
12158
8235
10461
3314
11733
9537
32607
31334
28635
10827
13505
7844
28241
31984
4000
17947
59272
1004
1203
25260
39925
6963
4894
3868
9331
21393
3424
18438
13359
30280
4249
2732
12067
3328
87
37391
11273
5983
41029
1522
15433
9742
38623
6549
21926
3244
297
4445
23234
6315
3053
61642
5770
1499
26824
1813
14150
13484
14648
30026
20475
9828
25342
20088
21477
34859
1514
1938
16961
49516
42109
18294
36003
26444
5350
24548
1184
8836
11651
35762
10091
26438
4182
4649
31593
32896
13522
20749
3498
15291
31892
9392
12625
11923
1031
31950
4936
53875
68792
2037
8642
18192
6100
11952
13187
5043
16376
3878
46009
6432
4279
3724
47564
76123
58331
14956
121
18642
21790
19714
7665
3290
6605
10751
9431
2556
10762
14608
16629
4302
30930
28890
410
228
5105
15407
22133
2488
28273
17951
20375
10038
11470
8933
27198
4347
2657
20686
6846
933
56276
26003
37631
4915
6197
9602
3673
3959
8349
9463
4947
14950
40406
10400
1382
10606
4794
52752
17737
3983
5588
1244
21181
44651
1652
34972
20492
8895
1435
4521
6718
26541
1597
760
10998
14729
5874
4446
803
11862
43670
5542
20321
13678
3933
1436
1573
5301
15623
44679
1768
313
29717
21373
16256
4240
5622
3264
13620
6656
25902
8046
17075
30196
15895
14372
11491
18465
15587
21284
20451
38333
887
47971
7365
5763
7483
2499
4156
7048
22382
18575
5070
20441
6948
37948
3123
11020
3965
11990
39572
18144
10125
4636
7626
17454
4629
8747
16503
19669
14748
13758
1178
16271
7482
2095
72716
2698
14060
1931
58336
10535
18692
416
16093
1308
22996
6010
9599
38507
1700
4447
13725
11867
8899
11797
45167
16252
7669
542
5818
55631
8486
41720
4145
9172
24642
60170
24807
11041
30374
11452
8808
4846
9105
16275
7507
660
15165
8996
14144
10862
9734
3686
11910
15774
17994
4333
3577
70859
33700
7399
27207
7166
33865
13560
25953
7649
31424
12112
16355
4490
7179
2076
809
11824
44576
21379
1495
8690
41235
29137
4712
15281
26701
12023
29617
16059
12660
31793
22188
2536
43448
4108
11807
11671
16474
7733
1675
15458
22674
8078
2598
22335
7543
6607
2012
3600
3477
8285
14879
16341
29702
27326
14219
24504
30478
14404
22291
11089
34640
18780
2707
12985
12094
1628
20621
26098
27504
1848
31014
7825
1904
314
3894
2831
3345
11606
38329
4624
11039
1163
27144
19759
38077
10655
22115
7196
34688
16597
46059
1269
13063
5953
8930
6329
3902
3640
12022
24619
769
4071
449
6993
8088
8887
3658
12973
11400
1566
2533
5239
8493
26536
40358
5807
9234
3344
9129
52727
2857
9308
18413
5557
23051
23983
8097
16859
11259
57687
3761
9806
41991
290
13848
34480
34200
14991
24162
21004
35477
53492
4965
26317
20251
4652
6971
3932
33124
33626
5895
1045
20766
45898
30572
10903
22789
12335
16579
22193
37901
3363
7350
28451
7065
382
11099
33042
56223
1590
475
1506
1231
24742
70436
32709
24810
26199
15844
1691
18510
7405
9465
10947
30898
5083
15821
7275
5257
9989
9967
1954
27955
7031
6859
15340
25760
25845
25995
15980
8433
23108
62812
3334
7461
23948
13381
2015
40801
1159
9325
1967
18284
4035
14659
14189
5786
27734
2986
629
16384
10035
13158
12171
1705
48128
48024
5975
26912
4114
40085
21153
2364
11364
10439
7672
16802
3356
765
7719
51052
39064
39462
4786
61710
15978
13846
14719
3055
16946
13935
3764
4590
20367
33060
2449
2946
20768
5357
22797
324
4019
40478
56701
28198
2372
39561
2555
21610
1745
10501
11241
8952
13919
16582
4243
551
17428
40273
3377
39076
18182
22497
23989
22752
13425
459
13637
12717
5013
25251
901
5958
1208
17072
4607
4529
16910
12342
4978
6909
13206
21865
50710
1413
22656
6200
8431
6937
30181
12247
3198
40598
11349
8035
131
834
17135
31123
5267
4793
6138
9762
26076
6864
7466
12594
16259
6514
23833
19323
7536
26309
54029
4419
19034
15603
5685
2544
25367
2086
5719
8631
1245
1037
1962
5567
17572
1874
39598
19961
24090
24204
6588
14171
4437
23119
858
22240
2592
6681
4780
17473
1772
24972
24111
27965
23065
21439
2374
11659
27240
29621
8656
1736
7502
16828
23694
5315
8641
6849
9627
10199
746
13944
27204
2252
12883
8030
11665
33630
8723
14434
21215
18664
48444
38131
39456
532
20972
2663
36001
43760
38237
29692
24365
1541
11554
12807
13352
47509
17112
12372
716
27691
6976
1190
150
4165
39695
1953
19523
1548
15330
51356
7740
42206
7155
998
247
14575
18279
3647
14944
2539
47914
32537
14362
28733
11710
2231
7383
5821
821
47267
38679
12000
4195
22403
15953
53797
11992
36986
20712
66755
18853
16234
11636
24010
16678
12522
7777
7192
5729
352
3745
7816
14113
8757
2559
62693
50905
41540
31338
3374
39677
20331
9402
19456
1340
15184
42967
4790
26879
25816
8154
33675
1132
11703
11791
37159
45738
3569
25703
1655
95
55887
7075
3174
21883
19341
10749
16157
27017
59220
15004
26182
21697
19941
9907
6686
5500
20042
67289
12974
977
20825
13610
2413
12399
149
27934
3934
5896
4284
18548
1823
23071
29727
3539
9996
19254
44111
7508
1558
65
52107
854
9421
9027
27643
19302
31022
9395
9674
18517
50443
20973
43863
21222
6719
14196
1033
126
6402
329
7607
4996
32005
33205
13991
268
19258
608
4581
2362
2070
18772
4638
23585
12693
4476
20463
16465
12052
66117
23328
2046
10679
18942
17727
9808
14691
4129
17713
862
4563
20486
22138
69364
20400
40112
11012
57704
52825
3146
28797
4007
2688
11065
15768
5852
14678
5664
39469
9700
5879
4613
17418
1800
38277
11679
15483
36264
13700
1416
21061
11823
23381
31173
19728
14400
21421
12867
10970
11795
12808
7750
41340
4838
23233
53353
22578
7410
420
21404
6280
34340
14808
5481
1417
39022
19960
39987
19378
7689
23761
68431
10014
1425
41148
73678
25254
40942
3953
4352
32841
18759
10043
33049
4642
5927
21678
20094
22969
15550
878
43573
17998
280
495
5449
8669
9641
4843
24173
35342
7493
8079
461
51618
30463
9446
21559
36142
2911
5537
5533
26587
24212
20018
5020
43642
22523
24120
15679
331
5428
6469
8665
33678
33133
11286
30578
36521
8156
22509
31872
40865
10573
16947
4609
7491
7748
3075
1222
13342
1712
7747
9722
50751
18289
12116
10433
22324
12495
12810
70764
4133
23000
9399
12543
11683
153
33464
16165
8322
14413
29958
6416
5720
9955
199
16791
6542
5001
10754
37193
4176
6302
5248
29195
17445
36810
20152
9679
3077
9365
21493
9050
33129
2250
6213
7965
6000
7918
18523
2071
7253
21794
46729
28666
12997
48707
9878
10977
19639
33380
3329
1630
18044
11930
59009
20785
16622
13330
34483
1180
10328
156
21887
35527
3810
462
30712
6748
12869
9863
7278
13947
31477
13813
9334
43835
2353
8102
11146
22432
14067
792
39331
19038
16774
25522
2329
10287
19388
18440
5312
8998
482
19849
1724
15486
15242
35255
8239
19529
6221
37798
35109
33015
27029
18113
11050
3309
22946
2687
6995
3816
16094
13708
0
6674
5162
21043
1486
15294
1635
3426
28246
42212
1799
48545
2948
22151
14447
17496
5374
2968
73120
875
38159
25606
5869
13161
5096
47765
14635
5564
8019
4488
12427
29639
21426
28792
9022
15746
19021
41979
22265
17038
6898
47457
2313
35588
7332
2428
14976
3678
342
13027
24588
33828
2565
21852
10833
7030
74894
50421
11971
9336
30629
8535
26101
47873
20001
6244
1322
5726
26468
9174
57615
14569
8051
15749
19086
20487
26427
52587
44622
10733
308
25569
16084
29591
15364
3085
27437
594
11331
5108
4886
2022
24236
8080
160
2154
34516
10828
825
25311
5880
35392
1653
35143
54308
7933
1621
1594
37919
10717
2703
4824
12447
9081
13578
5399
980
6825
26867
9931
1350
50182
959
15989
46283
11001
14728
21893
8606
46997
7730
19198
8419
3069
17526
10465
7917
5741
24081
16455
5019
26448
11719
1363
19362
6757
1840
30909
5707
16264
1984
6399
15133
47689
72595
7539
3141
597
1241
6154
13994
21573
6786
9820
9926
8882
804
7055
13150
8762
16482
10545
4200
33681
12319
1239
7681
5240
737
16662
1290
15699
6977
3888
1839
8681
30915
1789
15085
9949
2446
19295
6342
14651
50049
2101
21997
53051
5095
10218
7316
3862
17934
3719
143
7140
3968
41728
45575
18788
5206
3090
9033
20345
6996
25655
4866
32356
14363
13621
3791
22407
9313
1998
25285
12486
7142
25137
4135
33757
34002
18873
5463
18825
14942
4616
11239
1430
262
14675
19482
15220
11988
4826
28961
1043
10469
43233
5432
7221
26323
24857
23040
38895
53134
6620
2279
7859
24591
26626
11983
7722
55609
12135
2517
16970
2438
6151
1027
4213
9624
1556
5307
6621
723
22309
26744
47552
4985
12978
14327
14128
2158
2509
41335
2764
30974
13154
1726
29357
2118
1483
9982
60241
18682
32616
35758
6267
21041
21392
12193
16161
22443
19414
15855
13373
30932
7560
15799
16169
37432
15522
51430
12139
18487
9876
846
50122
27925
8042
848
38410
9158
11770
8311
44392
41690
10777
37408
5529
28581
28343
8651
10178
40462
3336
5866
829
4002
3581
26862
47508
7986
1139
10579
21583
3995
10187
7251
1798
20104
24585
57
8106
4442
1388
22903
25581
36324
16270
1999
28680
13696
34941
1843
8874
54639
15968
15346
54953
27880
39073
26936
3891
19856
14943
28931
20946
7934
5221
33110
17265
3325
9
14540
5102
26713
35273
9262
11782
22048
12886
5572
32363
33484
1421
373
3652
7446
8583
40651
1002
9579
590
1723
1908
8020
43367
14313
11944
3832
19515
9034
3740
22609
2083
2636
3877
20483
25054
32074
16013
12339
1571
65397
8445
18714
29644
9523
21721
68401
2078
20322
5485
24003
7698
15127
42416
4525
1887
1650
5089
4152
32105
1509
20988
51200
9445
16362
24371
5211
3126
11597
38636
31170
3533
6556
1073
2065
21124
7877
12781
1110
59550
4802
19226
4720
52346
12818
8598
2141
22393
27194
1304
15119
42465
14910
10635
4356
50748
3823
7891
18453
2733
14996
30244
14546
36012
7202
1361
3674
4556
28005
11316
36982
13863
220
10983
8244
4627
2348
22638
24881
5505
2524
46941
4574
6464
141
68933
7199
1651
1575
2620
9671
44547
3962
60119
2487
19583
31657
6341
15916
39669
2697
45929
1107
4662
27534
11320
10626
19735
6373
5454
23513
2450
13447
1520
16017
35777
13932
19685
15822
63901
10113
8801
32741
28455
18215
12450
3679
52543
4276
12513
36492
5551
29495
1094
16834
1582
4660
25827
32612
36885
6834
13057
22329
13126
2164
1780
3815
5230
60412
2471
54712
9509
3883
40211
17672
24567
7096
25564
12510
13950
19338
5151
46816
1690
7334
2310
30702
18969
43160
30800
22295
20270
9418
6475
12674
11772
1932
11409
6526
26663
11523
34754
9797
11299
20921
2745
24859
13888
16537
7165
478
24675
6904
2168
52586
3834
3229
467
27173
4944
18235
20803
5479
6498
17949
2146
8770
12833
511
2486
10884
14048
7254
22431
1255
3775
132
9841
6576
20317
3001
10814
2300
955
3910
2074
8501
11857
2715
35348
2342
4711
26205
2200
2641
50352
50875
7610
14987
29054
77702
17336
8959
14340
4523
15385
22429
10333
35361
3621
35021
49524
32777
16467
41454
8601
7951
18086
659
13429
9962
19773
59632
7642
5216
19379
71879
17166
25445
11372
1584
5308
33135
5511
16718
18779
22965
15769
18028
13289
25742
4634
1095
8222
1329
45922
2003
7988
49688
7931
59214
8348
24464
5841
26473
16262
12412
14700
2607
20503
14545
7872
15663
8494
1550
20811
2996
37148
11190
5695
37225
2034
5451
19541
171
5189
14188
47546
31165
17296
13188
3618
37452
39584
10223
1120
4115
16852
5559
4048
15453
25795
8945
17379
9454
25345
10282
32208
255
22771
31124
27928
664
10523
61346
528
29193
12909
28058
508
24213
6881
26264
22066
71478
17437
25505
42249
4941
5914
22019
1685
415
13397
29065
11355
27502
4722
11662
405
2208
16821
50162
33669
8803
7126
40101
3333
6683
27733
20403
22289
35608
12680
17669
9232
9438
36209
17394
47947
43593
12080
2619
15995
12352
2739
19716
24627
14427
5497
27265
13946
1816
4344
5116
93
12382
21410
25650
13882
18142
6110
12554
40017
12648
3223
18578
4092
3421
2358
9881
22241
25645
45150
2815
25262
9521
28351
11661
3050
17804
14110
8735
2172
23016
4055
29216
2442
17828
1973
12464
13511
8948
12834
31789
5632
4096
2972
3948
13499
50899
14232
42259
69373
3663
4237
16895
8443
47366
16458
27344
19917
653
1719
39480
22766
5793
21789
4618
218
21289
15838
13983
828
3038
5532
16763
2393
6529
31594
60482
12098
34344
31992
4540
6819
6835
16928
6069
7292
24583
16412
7549
1146
4193
2711
36021
3845
30046
10171
632
10613
72785
16380
9590
558
22007
5030
4784
17300
6896
5492
11021
2178
3952
24597
16251
45573
7028
19209
53950
14203
19159
20874
30247
28331
32932
27476
32738
24755
21761
6790
8943
16993
3681
32549
8086
13024
6026
19143
34469
31615
8782
44032
31597
7300
1959
19495
25540
29894
1624
5017
2072
21278
5470
16418
20187
32027
7532
26084
31357
4088
28043
39845
11721
2411
8629
10156
11657
22947
29271
19879
9139
20834
47889
7125
31788
48623
1616
991
15209
27743
7579
25720
6290
33851
33597
14681
38557
14043
39765
13204
3405
39674
2018
744
7561
5524
23074
45806
9994
30567
739
2217
24798
14836
32807
5625
9237
31234
10716
14314
30796
14704
15251
71731
14094
14365
278
11147
9686
1567
3218
4686
1143
3567
14509
33059
35080
8865
29738
23130
2016
6598
36879
11583
5749
32978
23632
18408
52122
7302
5363
12074
880
11423
6239
14091
5827
8333
16347
21564
7290
2130
13668
16276
40054
29378
5834
7291
21402
2192
33002
16223
49613
514
16215
43278
8396
10371
7597
15459
8362
1142
14817
2867
1572
20225
25369
26492
2293
30958
41950
28391
33300
2602
3731
10345
13699
49042
9629
20738
12018
20137
30858
34400
39420
4909
16776
42664
5762
6888
17494
9720
30380
9795
57079
42662
26636
5191
6223
29645
13745
2230
5561
32508
64040
1288
23056
26643
7020
17729
3083
14254
1463
3833
25343
12127
64943
3838
1474
34939
38414
10220
13117
20727
13083
32272
39180
63071
19426
15411
3631
39968
14093
30626
55668
3269
4463
6775
4196
13441
13814
14108
4342
6669
8058
9222
9708
2134
12028
9015
62623
2048
1744
14518
38476
25530
1295
11306
11633
5803
8817
64897
13647
36696
9622
6172
2575
16191
7073
21474
5798
18563
396
7998
54097
9086
48090
32340
15586
16805
31879
637
10830
3364
26730
10881
22991
23344
21866
2923
15381
252
18669
22581
19403
5847
23195
46515
1994
14146
15314
35569
18530
1336
19850
43405
16390
1211
58909
25056
51613
8363
2066
5202
9533
69768
19964
33068
5203
11655
34037
17446
49241
24733
22787
15474
9547
49752
9184
29656
2000
44162
25805
10368
694
29060
60957
28602
23804
49597
47617
44922
4269
26449
655
2082
17717
14334
21405
21269
64484
4595
24478
36423
11449
6966
2180
11167
13738
6168
5132
18303
7273
13343
2908
36245
15227
3352
4364
2500
9390
1879
1896
29593
2642
7281
28055
27500
4413
6140
20806
4376
32762
13386
14893
17034
12163
10976
5629
37897
9048
15325
42381
8048
13734
2516
17687
40193
43538
3263
10325
6800
16274
27823
8175
2133
27642
13141
8469
3107
652
4878
5643
20524
2971
6127
3182
1305
4669
24901
2646
3161
14903
40297
30460
16366
6346
640
12524
7758
8560
2549
19821
3259
1532
64135
6778
16816
9283
8509
6044
2547
4400
15089
736
32516
8852
10780
26562
27649
5414
13704
35791
3012
28879
357
4238
6086
17248
1517
24153
17237
42186
644
11312
5426
6766
10580
1979
8695
13287
10158
6870
28789
23619
19355
39311
40708
8487
15689
14881
6811
59306
18775
4507
9292
74227
30438
1841
12678
34412
53735
23879
43678
48326
26598
24632
17603
4390
12933
4768
13571
48196
2440
8682
12075
44022
20034
7049
8769
915
281
16128
26209
34786
14767
17992
10
8324
1892
16888
3232
1465
13891
37727
46726
40409
7384
6301
34032
2184
16436
26189
15253
12607
15748
7850
24193
22843
53418
17769
24415
33037
34802
596
1833
12838
24868
98
15514
10020
5145
9505
9460
23259
16360
18545
5158
2712
22061
33856
18915
19407
38864
16853
13759
8157
9119
13730
2385
3928
18406
27936
35731
31771
180
32915
19052
14455
42719
14583
7357
2410
5861
9104
9078
2025
30559
8168
21442
20775
11619
9948
19663
25068
430
2140
9486
4520
13194
8305
23278
33376
2557
5269
17125
22365
20320
9164
76212
54737
11728
11314
34046
55031
18970
41181
29728
20790
9544
28814
24660
54800
4668
842
24349
2261
1433
366
16393
3304
20559
11767
25060
10449
26904
6484
26425
2464
3828
44742
7487
12115
14828
46222
11622
11087
22711
2727
66267
59047
40224
39985
5636
4887
5642
66639
38395
2638
1604
49111
45133
1519
38419
25138
7513
15145
2425
25942
47976
17050
5064
20722
1917
20068
5338
13266
77665
3667
5568
1970
11445
18892
1974
8164
22777
20206
5576
15297
7223
2062
3279
14574
1064
24784
21626
21801
18159
13186
30815
5892
13565
28024
24181
33877
48547
34282
20666
4477
47610
34639
4430
40
23819
28018
14718
21431
19532
10524
17650
8152
13586
603
358
7456
56027
6942
8623
6153
34625
4580
725
7653
19796
53728
5560
6486
22727
11751
28699
1485
12050
14398
66634
20784
49338
10859
7887
1921
5587
16909
22917
22606
6457
12785
47972
9079
4806
1793
6642
19243
13180
14112
9166
4733
2345
33581
10543
27819
31829
15767
11271
6194
30429
17932
7079
36229
19391
411
899
3045
14656
22319
8492
2470
12336
61085
18610
21304
26922
13294
5871
30079
7069
4592
7468
11694
5274
13625
19506
524
52659
45717
12286
69027
45847
41072
11831
2090
42900
10990
451
10111
11742
14820
5264
31928
25202
38423
23232
37776
42862
6324
58848
10341
30291
11326
46195
3441
9107
8241
5752
7488
2666
8449
18257
26308
2161
22457
70
22372
2597
61627
20167
3266
12598
2087
22095
29161
3112
3846
6758
2804
14779
11895
59319
8282
182
31214
21232
14494
1625
6353
35296
6426
6075
9637
14787
12021
11281
28006
11207
12410
7495
36297
9379
43409
38640
19431
12106
29837
333
15988
13017
8208
3596
23711
17698
125
4153
1842
14603
18340
33077
3644
621
16032
1405
5167
4046
7224
11456
7782
13140
8924
2956
46600
2542
15033
13
19369
9036
12291
40051
4030
25830
5254
13909
18844
43210
23028
20449
20365
34202
36683
41062
34582
2209
1082
13559
19387
5430
33108
9647
970
273
42203
20429
29385
14538
54074
18527
10739
5447
18335
18486
3898
1447
1824
9249
8633
10314
17503
21517
24273
15054
52180
13858
48934
12910
53584
1168
8210
19752
2952
7950
3757
15343
2826
42645
12963
14265
23133
1114
39083
50613
9235
4370
1587
33978
48821
5373
1903
16502
19343
527
21374
22743
11515
31176
19553
1786
8184
2834
12461
38592
43412
1647
15685
44271
12300
29147
39299
7830
52403
8039
29256
17487
3872
21244
3925
22641
6209
2526
45982
1877
8049
2211
64
17833
20481
494
23384
23841
30276
50716
13231
1920
506
43029
23895
5323
40844
3199
37386
10365
817
4544
45935
29257
14290
18920
50405
37283
30509
8972
69721
10375
5556
25211
33357
9754
4059
18120
24216
35
44130
5988
1940
9729
13563
18906
30556
48869
14371
30870
13016
11492
6192
18875
19148
13362
26838
242
6286
5153
9437
23672
39622
11385
432
25956
99
31946
8281
14441
8640
7546
19544
1387
12070
16080
10379
10184
6417
5009
23286
7517
14597
3093
9114
16185
2652
58157
3750
7899
6708
22598
14496
39860
7478
31835
9408
3410
3318
21826
22011
22810
36426
10049
5674
6468
7992
5846
18999
6633
4109
3072
9058
4673
41255
7444
2924
35741
14001
3505
63252
30453
28643
1835
27324
21896
55517
26850
9805
10721
6359
3256
1784
15910
14165
14406
5413
7871
34158
1809
17933
10144
1790
824
4162
1722
32952
35363
14119
3585
7955
10506
10757
363
7987
2879
9276
21662
33171
35147
5171
18795
8579
29293
2145
23900
16426
29578
17136
9958
19510
17589
13551
26338
1281
717
4406
27128
15563
30859
22345
9302
32475
3145
21302
3476
28063
28085
7926
8298
14304
6916
32443
45791
3355
4025
35317
50416
30540
24498
21906
1464
32
19335
5775
14520
5951
36999
10710
3317
3794
2061
6795
30345
9929
27957
9648
11
1230
8218
1106
3583
11527
44718
36415
11729
11641
2193
808
1725
19655
25908
47015
4614
1682
6924
15347
36782
3656
11800
7771
1883
4653
15238
16862
18776
5045
556
1500
46271
16168
11191
15126
7431
6256
6671
9515
5797
1010
8844
10425
20490
19479
21712
7115
11629
2982
26028
2496
23791
12527
1944
2114
1794
2330
25456
953
5680
31599
30904
4725
24912
33633
1153
50995
14819
47381
3415
19286
17419
17197
10982
3450
1497
16923
9817
2225
359
5405
9644
11258
20201
4014
795
10712
21463
6297
10659
45151
6099
12236
4797
7022
8084
5002
32825
3411
19420
18895
34850
11936
21013
5407
19586
20398
11171
10825
7136
27046
28454
4741
38483
34269
10244
10565
23491
12197
30442
34248
25174
1102
1189
57537
13741
22253
9543
20266
25721
3513
17736
5094
7685
7999
3245
2084
23213
2102
26362
8906
3288
7129
7019
36127
10263
22601
13454
675
37875
30955
26871
16159
22395
72
11029
33786
5778
17139
3120
48
10103
139
1644
26245
11153
14507
40336
3196
12742
2347
8532
7568
10474
3701
1680
14049
882
49147
5570
6726
24135
16248
46732
12676
7024
33882
748
5018
16992
10790
15482
4807
6395
20071
61959
18123
25091
4201
18798
28731
3491
5044
6007
13501
19127
12706
8777
49704
7622
12092
43170
14294
7811
923
12296
11762
17874
10040
36562
7527
2202
36221
22768
11648
13615
3381
26248
17651
13366
22322
4094
36768
28752
9783
257
938
14130
16544
14609
1828
13410
20827
29886
36649
71956
28386
38057
32726
1357
29807
25412
38566
1127
2976
20584
2044
1792
23813
7321
1681
16633
8230
3033
8617
20781
25708
27296
22713
6895
477
1760
3960
6190
1602
668
13558
21538
12237
7628
30850
19937
13761
16734
28586
3422
10084
21337
2702
4070
19595
6502
21937
15795
8977
17353
2527
12907
6371
9480
16437
20697
8960
30877
6454
10361
31865
17826
18070
10668
34451
1183
25966
15416
36385
32262
39321
52631
25759
18541
17001
360
16795
1660
33183
12424
17165
8827
11842
15154
10761
13514
12592
11541
491
24993
3022
13014
13059
51186
10854
21358
76215
13660
16201
13827
52617
12289
283
22185
24613
3911
1260
24409
49331
39217
20439
19764
57901
13114
11611
42588
24119
4892
217
8880
2325
2417
2854
38838
1217
4656
22465
2862
2746
4606
1411
10901
8372
25544
45363
3691
31751
2772
19867
27870
12462
57008
19552
4123
11547
15625
51212
50386
43552
5776
17731
51732
18958
18128
57198
33725
17735
12128
29073
6626
9269
56096
11420
4188
3694
9800
5702
6983
27985
2017
16918
1130
21465
2453
35638
6887
18262
13573
39659
5378
41901
18256
47504
33747
40581
59585
13246
11696
2150
963
12590
24989
47022
23897
6641
14737
7415
14966
726
229
55606
5196
23167
4079
48654
492
47981
1845
6288
13262
65394
32302
10916
11788
32928
17918
24860
8536
22883
4889
35120
37649
3191
2668
14963
59154
3746
5753
26174
33167
18155
1673
10904
4514
11226
13301
19566
1873
21371
13317
6539
33221
23062
15305
20425
7420
23582
4792
4724
31830
21903
8634
9793
5619
4335
6034
1557
9774
62854
25680
12198
15190
38671
21855
10856
19327
22353
9894
31193
31279
41726
32975
3017
47456
32214
23970
27
8480
27932
9375
6847
2794
6309
20739
33940
28973
502
41432
8506
7604
1593
27223
12852
3024
2271
24097
8975
51737
41190
14663
54728
21498
10966
9939
43636
3470
2497
17074
7154
14933
6694
30087
26514
26520
32080
7116
28101
1251
20540
1016
2031
19363
8941
43639
62080
37719
17355
3158
3939
19871
11317
10224
12502
10556
48997
10905
1577
13398
10298
13787
31344
230
12316
1128
24342
39455
38751
6962
7450
13789
9715
11644
1907
4650
11225
6810
13142
9503
34759
27539
16869
5658
19357
183
7250
2298
14230
14620
2165
4388
25988
12584
51494
21176
8185
36293
483
24665
37933
12673
28798
38800
55297
9469
17832
19542
46135
8321
13876
9860
9088
10519
36911
23999
9244
8475
13879
36470
7443
16989
44030
2319
26202
1765
6318
6917
5994
62196
46
3170
24720
12898
68872
12745
5641
5293
17000
6733
7476
28482
14416
5932
8636
21270
4914
2979
7802
43793
32397
22851
43829
3118
11837
7422
8661
14979
3164
389
13208
54123
2365
8986
2409
17876
8026
12049
4940
5822
52480
18636
11202
9688
5654
41300
40525
768
33710
11645
27776
945
25126
19470
18801
30045
11177
2896
10888
43309
44854
10489
3588
984
46023
2085
14369
4118
37676
16552
22949
52161
16020
34205
7090
21039
16594
17667
10089
4749
1942
1580
20467
15675
12039
18274
6530
4723
37971
985
15414
6736
67415
12758
21556
26223
7105
7286
937
31562
11568
6323
35993
7328
62621
46415
3095
18681
4184
11530
3181
7856
535
14531
11967
3231
1894
17258
8407
13585
5517
30227
10509
7464
27346
23269
17172
30105
14804
22729
826
19189
3436
13418
6832
5677
13482
11890
53771
17324
19123
17385
22146
42649
400
4644
25444
9306
30786
18562
41700
6627
43511
15874
18956
1186
42539
7691
8721
14213
12727
9549
12911
18554
8022
21030
5701
4816
31131
1116
18864
59867
12688
17187
6344
5210
9864
21849
2139
4453
6088
2275
55201
18720
29723
33382
7875
56237
37759
4968
16524
12768
30971
20499
6503
19406
29647
5371
8351
9321
60554
24849
6164
22425
8484
9238
21844
5768
15549
2096
14288
9458
44684
7238
22250
20611
11430
2057
5005
3193
15869
36065
1759
10374
15772
13861
7650
34611
3623
2882
28855
15565
15564
2988
22793
19938
15570
24924
11589
14899
13276
60192
24133
1492
28141
19400
18062
45567
16715
3413
3484
18253
497
36877
68633
22861
12775
33948
73852
196
6831
33284
19449
223
83
6818
3945
11117
8820
12747
7429
20070
4354
26243
4287
8771
9319
8794
10266
4286
27551
16283
37090
6058
4748
5539
21116
38637
5335
269
35960
5611
756
21754
4977
56620
3706
20844
13929
4464
31358
9835
2303
31611
8513
3534
53635
33834
3098
23449
17663
3480
10502
2474
2653
18147
7671
11025
3457
7847
39961
11123
5232
27559
6905
8546
19211
12899
25850
12958
30231
14197
14995
7969
4774
9758
25471
2472
9303
44426
35078
23418
705
16974
17323
9065
31902
21965
4524
15656
19058
11627
25589
4317
17015
7175
33922
18108
12275
32405
2100
5774
2468
38936
2558
40162
32008
22305
24931
4716
18264
4576
13077
6568
47341
2447
13851
25338
18034
8047
20399
9945
41870
16350
13922
50871
52938
20752
19304
48193
15876
4648
36165
15609
2407
810
9552
2975
39339
9134
19546
493
5482
12922
2282
7026
11002
17795
15401
29134
4219
11951
20059
24685
32933
17420
3267
9870
16411
798
2691
30797
45780
14849
53719
114
25776
18005
32295
18662
12976
6513
3165
54002
14432
25575
19874
1578
21628
38365
31224
31924
4306
31021
12691
31828
32696
13445
4181
20650
6657
2290
7169
47150
21574
22494
12150
19530
3376
275
10684
12142
17629
24762
9625
4672
2997
5826
19745
45239
15701
500
4140
12865
32873
8729
22722
3996
9167
38816
45232
2576
20185
2964
55131
28955
5683
13714
43819
14826
3861
350
26035
6587
9565
9479
11917
378
14722
10772
20371
41609
28507
341
23729
2870
16269
35339
3847
7692
15039
13054
5383
2286
10689
9371
33295
23198
2798
26802
7006
1167
4063
7881
11362
11794
16868
4281
9857
52023
37774
15429
37217
47
58719
26474
34875
3248
14253
18227
23576
18500
11473
48264
12388
6066
2069
2669
27697
1592
10466
950
39751
28092
17275
1235
17570
1837
20654
21178
20405
6191
3744
18509
19022
36102
3209
23042
408
14782
12155
25015
7440
30899
28795
5035
17
30864
7052
37080
28449
1185
70832
13272
18691
11869
4850
32888
541
11027
642
2439
32192
1526
74
35048
45256
21360
6134
2510
7451
18280
41104
23061
13491
29573
11229
11793
4301
34097
44440
6861
10925
3335
14292
45173
7866
42196
25952
46317
19726
8752
1589
7557
8565
23354
57268
42698
18678
9041
5142
6889
9675
19060
25825
43072
21631
29229
29669
34064
66291
25055
20219
3096
1861
23640
40216
22796
17193
7377
4623
161
4241
19023
26437
14087
18362
1493
5860
17186
45410
9740
1773
32744
27708
26803
39001
14361
71105
64564
7795
31404
29374
6867
287
40028
3235
16527
900
10937
20928
4411
9320
1300
25705
46431
9160
19876
8744
26203
23477
15261
10873
11032
37746
13778
22040
12575
8503
666
4387
26285
28704
2717
1927
7890
13085
9731
8792
27537
7089
2589
11230
55888
9539
12488
40597
12493
57230
42099
24405
17660
31379
16104
27060
10232
28720
40203
10639
4849
844
18426
45292
41121
7112
28155
14815
6592
14747
27260
8435
18754
3283
60574
5360
30101
1367
39143
509
16339
5294
4378
1424
59146
12567
46550
34169
17374
11035
29589
8479
61244
6949
692
18991
7267
20777
17118
19151
16065
5670
32343
12896
20465
671
29155
15825
45515
9910
18223
49201
63095
10563
2759
10278
10337
16164
11478
267
9856
10207
26391
33571
4235
9426
18251
26890
10018
33991
16907
12420
9787
42627
19890
52922
1279
2962
9351
5548
1471
14629
543
20721
15179
43300
790
5046
32052
6645
26093
29182
22894
47950
24215
39282
3183
1319
5071
7390
53834
11407
30004
11467
15440
1083
36035
43518
37332
26900
1933
28458
20581
6390
13822
5508
28883
5367
13071
225
15306
21792
69620
57951
17198
15076
32887
8982
10795
5110
60184
7352
11150
10259
33411
14072
5808
12425
2144
14143
8790
2860
13775
8073
55783
18725
24875
3991
15199
33078
14596
7426
3762
3659
13957
36
21383
30672
18043
18391
34505
5618
27102
27809
4336
12998
28971
42963
22610
40749
43459
14920
6840
2255
4979
1659
11994
20529
7833
23968
29380
21092
11254
18652
54
15239
23684
27197
17568
4011
27634
37783
51161
11166
28864
29411
23867
26057
17398
3119
7130
486
2569
50240
4349
18452
1536
11173
4677
30192
41657
6579
3260
24339
2655
9170
15479
1523
4130
19224
51068
15857
53775
8269
595
9582
27358
6902
21545
33959
32399
20288
22815
22187
20957
1209
4522
2708
16456
40670
45835
55901
31200
19336
4543
29426
42098
21253
9898
12737
8069
12752
8283
47687
3372
38056
61552
5494
8753
10028
8830
10849
16267
7428
28775
16927
6473
41497
20448
45762
2272
12164
3285
23366
23277
16470
26282
4086
19172
13167
10179
3634
2809
17516
11610
10731
46968
20200
1129
9753
60433
2907
942
470
2632
9260
3919
31054
6367
11474
28565
32226
6517
17595
6685
17530
54226
4584
35019
6428
5933
2583
5791
58435
28887
7534
44662
13973
4345
302
13464
11387
7099
75091
21418
23957
23738
19085
3091
10589
57794
16490
24913
25218
57102
11411
3189
10356
36048
7159
515
12770
24000
32812
11939
42680
2755
11189
3715
17681
32732
14045
33381
9772
16637
2136
537
10308
18513
33151
11111
9834
2690
7414
17834
10646
47382
4795
23214
25976
12957
36122
28654
23959
32402
17738
5024
40405
20533
3201
356
26112
12188
6850
45261
8279
35004
13595
48496
4296
30222
25335
9728
22260
4533
27949
30
6357
11379
7270
13884
2483
30892
4432
10146
25984
16171
2475
8558
2629
14106
21481
21329
2465
16302
28022
19521
5580
33778
8620
22041
27587
46657
21977
1949
10201
44571
6706
12418
36123
16942
20469
2104
5192
19334
9372
15792
25727
1418
7229
24728
21256
18981
13419
42251
7490
7606
16616
34353
4168
8488
8904
5342
16316
25764
21514
4545
13458
21328
23223
6476
41492
37087
15450
48220
7661
1740
24329
77491
15727
12687
2699
23030
11252
2167
9422
28139
2309
19344
22724
8055
25539
25025
14250
18604
5076
4047
3390
44
18874
32425
2216
70076
26043
65428
785
52226
18384
31187
27920
12733
3769
20458
9145
18537
24540
8525
20636
487
20178
4075
39804
37806
47562
69570
7276
3626
54532
3224
612
11830
4122
9587
9322
33504
49867
13123
27636
78242
28173
10932
2185
1462
30905
13280
24787
12760
25740
2147
14004
63906
2954
38166
69913
12357
12654
4813
29613
7849
22211
6419
5608
12380
34379
52326
48929
4438
14164
10148
21401
7240
23424
19638
13721
34499
20361
13613
26196
11196
2355
12816
25694
3635
51637
1134
21023
18590
28120
43226
8307
1957
9417
14420
5859
50779
446
12244
9803
14864
55074
4076
17873
6893
1860
23335
6104
7306
8421
4756
23336
9520
24541
12132
17837
6723
32853
42595
15775
25719
62240
26136
26708
24298
33595
29484
30689
13548
10483
45551
2274
6051
17929
7259
20106
2889
44046
19995
21068
21635
36302
403
22247
9127
32843
10956
9575
602
8302
16028
4589
50429
15460
8983
29590
26483
14624
13013
14454
4298
18538
16542
2452
5521
19077
270
47133
7916
23817
15547
29354
16842
26547
4422
1109
29752
13323
31488
9556
25224
1
56714
20552
13854
25683
35908
32976
5634
6412
17599
39777
24574
56698
1993
5805
24272
6156
1054
23808
41926
10960
19983
17504
24688
70654
4688
2505
20594
4858
22487
8586
18865
36112
39092
52846
26770
16539
12325
15861
7363
37409
1941
44487
42260
33093
2423
25947
23170
8872
4044
2088
67059
3603
316
9872
25672
2550
48498
5790
2424
18730
7744
14901
55928
10768
20828
1489
20926
23936
9448
24537
1216
9866
19569
19887
12786
75173
16878
31674
23787
13601
2351
13018
21946
25473
18488
11551
18579
12711
8667
23649
5688
4409
13176
1015
16689
4689
18052
455
11168
1389
36200
14384
10309
14157
4465
36533
43105
44077
3727
32806
8153
11514
76357
24027
9763
6369
36657
19326
19368
36153
16744
2246
27868
3993
22378
1898
58240
10114
24267
391
23209
3753
45713
393
8822
26405
35357
5149
33847
15464
22788
24099
18387
5138
12234
1008
13293
2816
1748
5037
12792
17408
59999
15976
20867
6493
20809
10195
51876
18845
9550
6953
41617
7147
1787
10053
28600
26198
15811
12520
56363
32620
20877
11496
245
2828
16481
11839
15327
27790
1103
14159
18167
17138
33190
22794
28171
13651
6785
15651
18600
4042
7403
4646
37553
1703
11734
18700
628
23798
481
18456
40139
122
1757
35244
11472
15961
23304
24645
19434
1559
30363
14424
33989
69471
47654
11037
38188
41685
5789
13577
31553
21632
31781
31026
26247
6472
377
16607
3515
175
36190
19931
28169
8526
24916
53192
22300
8236
18559
21452
45823
13358
53595
7313
2525
45462
26749
40534
374
5522
4519
14633
2220
10360
24419
2582
13894
5370
42808
23871
19919
79183
38832
8750
23405
36967
427
16829
11984
18995
5258
15426
43710
33091
38620
75926
1774
26682
2226
20687
24825
48977
4935
75
36327
23807
10453
39759
11893
789
33937
8295
14605
11522
38632
32043
19561
5757
12801
73362
14543
53954
10649
8799
15784
5427
17617
13543
43853
44315
25005
8524
19328
4839
16394
48595
21875
5796
13552
71255
6755
27158
13344
2927
43721
9943
11458
16156
57149
34784
8564
6666
4018
11689
18979
19793
5353
9752
4999
42044
26040
6018
10786
19985
9690
20835
15531
22583
499
6507
24450
6822
29399
5359
560
2763
12016
21565
32319
15264
10935
13455
16058
1014
17920
21638
38515
9230
21170
2756
46372
5569
2107
33583
47021
50749
3139
10340
11628
20637
49276
48065
10931
1562
28777
2777
8692
22801
1071
20889
5853
7599
39644
20953
12730
35974
7484
362
22417
35675
13611
29767
3163
25834
12187
9060
26089
20603
26262
3330
90
1750
9571
601
30313
20237
23699
1797
37548
13494
3616
4493
3641
15369
45864
11303
26854
11499
16066
21748
12166
2661
13036
9884
28501
10625
28251
21949
6960
20556
18010
5392
1451
31221
27970
14016
17273
1108
6125
18625
2610
5336
51660
17774
16998
49570
12145
12616
5057
29585
394
9952
7629
24001
5010
48007
16598
36207
5867
13055
29788
36002
3802
3508
17190
11502
12201
6545
27845
12242
12545
11769
35827
10130
9576
36193
7646
18349
34393
13084
16655
538
24198
689
11048
6013
1730
23673
1257
23376
69132
1334
2656
30490
24254
21720
17777
5800
5960
34017
7146
2584
28427
12574
5531
12186
15605
3117
9069
24192
36963
5909
16950
14765
39580
32011
17041
2361
28942
8323
3357
18847
11961
4186
24776
26206
14054
18885
13394
2054
25298
8672
36367
12682
1857
1888
18757
37735
31150
3109
4981
20176
11484
1863
994
41207
2748
20153
9028
31243
51091
50500
17534
1446
11113
31802
16986
19409
26840
36144
6828
13182
4255
92
6317
5802
18446
40578
28652
4804
7571
322
12872
39610
788
43616
25103
28587
5253
15254
18324
12943
10955
5
2097
16354
1707
10117
9616
9080
9619
19458
10351
19421
43740
38843
3156
29199
233
23860
10055
22911
64512
17167
11432
4754
11757
3029
5637
6794
3459
6482
39312
5997
9475
32509
3839
10961
20477
5897
12611
18351
2978
23298
37160
30843
45650
29179
27513
29764
6771
698
16111
24431
58815
35568
35188
41983
34928
38334
11536
31052
38582
5743
6516
33287
11851
3250
14508
18411
22692
19976
23901
14408
4809
32459
30348
35781
5884
11200
66375
37062
1401
4220
13952
9992
8387
19329
6254
19904
5698
5178
40069
3467
2335
5433
14711
24189
2621
30720
1395
463
29615
14888
29799
22117
17392
33117
23553
16871
7101
51865
251
20789
18378
35283
25348
949
987
40000
15626
41236
7051
27987
44210
18525
17285
13426
21765
4893
23712
49921
7789
46183
9877
15582
34090
23829
5068
15837
1228
19932
4960
14827
1603
18640
12913
21264
3027
5647
37876
30624
9258
35998
2394
17685
8312
15102
10678
4290
16877
5455
18022
18533
3466
16277
28579
23608
62612
7930
6877
9500
42450
52319
18441
5883
41220
34167
21486
11846
14227
6653
27227
48197
15637
8584
1352
21114
44277
384
53458
58226
38255
16284
46381
11127
504
10945
867
939
9356
1704
5133
12941
1314
2941
11305
8789
22456
4972
26395
6999
14544
2242
13532
11827
9400
55955
17881
18961
6226
41103
30418
14547
15794
24533
33097
38161
27774
11425
1156
22721
21783
753
14089
9176
25906
15648
4799
2170
3733
38565
20734
5316
28262
15223
5934
21375
35803
42052
2019
9854
10616
5496
5888
13955
15367
42910
6036
45853
5620
18146
30755
1819
5121
6680
30507
34921
1172
37230
2844
5040
14195
50211
557
10734
9202
42705
18061
64949
2721
15422
41304
17939
33805
561
936
16817
26232
15105
3788
566
14960
21934
8694
52039
6124
4808
33256
46368
22077
35513
29496
9630
2947
39398
546
4078
21653
37680
28862
1664
960
25422
5700
7713
25280
33319
19519
54132
42943
37457
2659
2326
6118
11122
20673
11779
10595
10295
14022
20218
20626
853
46034
49563
236
18205
1078
15172
1009
48424
19098
52661
22212
13229
4242
4842
18267
16011
21354
47592
6259
23156
51674
12503
3620
9578
40034
6107
34755
38690
25717
5659
4102
2478
21951
4142
27827
38905
2665
27677
33156
23380
9944
35565
18276
12048
2482
5346
17722
9118
11999
5722
28631
29542
18950
480
24589
20312
34726
53726
13767
44335
9294
6876
60416
56906
13031
2713
15095
2359
9770
23085
44523
11279
2552
20676
25706
28347
16840
14419
19133
35877
2188
14317
20832
5882
15362
26716
16885
32152
14037
21939
28208
30251
15365
32392
21179
5535
2796
14345
15219
1714
14415
37175
13562
33791
21672
15363
3628
14745
19020
9007
18084
2761
4401
6106
58697
13553
44598
21929
10358
27380
12304
35205
25200
31527
321
11367
7712
2389
22617
20497
69485
16344
14005
15646
3321
4408
49482
12779
12360
10800
5048
10927
338
47576
25074
7807
2432
11594
45213
7990
34681
61221
20427
33542
7252
43430
47274
42905
5913
25170
25089
31572
2159
35832
12762
26399
8956
12203
13554
1654
25676
20668
23054
3771
6381
14762
3864
6060
4069
45784
41423
6237
29569
12600
16971
11245
25303
17752
16134
6852
310
27315
11269
16667
6638
192
11866
15138
34967
13802
976
6595
2228
19044
4104
6211
35853
42072
2267
27032
23703
37281
22863
13942
3858
11565
68148
1591
19522
20545
16022
3153
13452
6930
1170
49303
79310
19200
39306
11249
22836
28348
30487
13232
23303
38369
65468
19598
15156
27112
10302
5605
13570
30451
2914
16227
39466
15964
38789
466
30927
6354
25167
3338
44755
21708
43083
18901
31610
24793
25018
6602
70636
29709
23797
24430
1521
27719
5280
43433
10343
17147
72126
16803
15789
17432
14062
37216
2578
4204
13151
5330
35779
12562
54398
29534
16072
6892
4905
15574
38126
29703
670
61279
10247
11840
2918
13416
6033
19853
47332
12924
27076
16211
11013
1836
14267
6841
8439
17082
1543
1859
14149
35970
13680
33013
3747
23275
47091
458
41064
1292
33419
42811
12563
17205
14866
174
41604
1469
33607
2866
2460
874
8278
19316
43415
27834
12324
17890
9764
52664
19149
8398
1155
7656
12659
54362
12267
41613
5394
22832
17961
7785
3040
6208
6720
4930
10022
14962
44061
27387
1099
24268
36487
7034
16265
1371
31735
8444
656
176
14924
25613
26398
966
13225
33404
5272
13923
29974
6773
15902
25470
46872
14081
30522
1060
10562
35098
15503
6145
26132
1551
5573
7017
8382
38293
10273
8137
6289
11814
21251
24966
12795
31653
2059
243
28159
45222
35210
9849
16140
14490
1507
5052
4210
30003
4221
3979
37590
6295
16282
21011
43285
8573
26788
10446
3695
37943
33530
19657
1796
19811
40479
4667
10250
407
4197
25155
31970
4920
20715
22959
10978
32328
8905
17884
272
26913
26722
17110
6724
13928
16965
30776
30024
7654
38688
5817
7323
82
6746
2554
70012
30906
5476
71320
13213
43499
21333
1412
31271
77803
2534
55848
23496
11288
17577
6643
36688
31320
58761
8133
22755
21036
16178
12657
20267
55252
22760
41631
34457
18831
498
54780
5130
13139
50534
36289
13372
15803
15751
10134
42548
14459
33010
2379
26
38071
41107
10547
11237
6865
20334
17864
4429
14727
26881
11301
30514
10412
9384
50844
22594
6802
39837
31137
5777
2458
9916
777
18138
8717
11704
10398
3313
19658
28027
6409
29507
1360
17708
2950
60
136
29966
15015
1136
18260
24578
6774
7317
21055
30000
2855
41781
16195
3693
3197
4452
34729
19969
33153
40029
25598
46903
29604
34245
18501
12750
33836
6149
32520
35443
10851
32276
42974
1487
12246
10886
1277
28227
7113
15034
8934
15046
1035
7407
11603
26939
27321
23033
25990
8391
29700
5464
37829
18616
21634
13629
5955
29209
5974
10528
678
41285
5633
12101
14011
26820
36692
15847
12386
8056
23098
5265
8722
44837
13196
33517
60283
27040
45755
15516
638
13477
6263
12333
22002
16751
6676
1402
22035
46753
3412
19138
6806
24545
48781
3068
11532
1878
22960
680
17009
3698
22979
45072
1727
9175
1326
7119
15257
50102
18478
19897
1406
978
1618
44049
6488
6467
13535
21042
26221
30379
10803
11217
20681
2191
5241
29007
16955
49414
20162
20262
40428
72403
56527
13886
11107
11066
58805
28419
41880
31244
13356
31180
24446
6647
32687
27929
49691
42722
5104
14628
19782
7338
21131
27462
12451
1440
40501
20241
10384
24131
7516
72227
43791
7362
10880
6126
14576
1508
27292
21246
27417
15642
289
33628
31919
23913
9572
39875
14698
32555
10291
16981
4470
4273
5281
29092
8234
386
36119
6260
1992
12472
37855
7053
7364
37395
9055
21752
42642
13365
12703
25421
14204
12839
8299
27397
2285
12055
35987
1695
18414
39784
16219
66
36292
52923
12595
3589
14040
17559
47846
36120
22421
1453
23090
12550
2148
31380
3479
10274
1638
1442
11017
12012
16900
28133
24803
248
15243
46625
29258
952
16173
2215
17033
21233
2
12280
3763
17362
14533
32129
20897
17815
28511
3699
12555
41294
8263
17439
13045
54255
29679
17153
3435
28882
40984
32041
3286
71878
9953
34240
33057
9352
18919
21390
12351
21768
16403
22294
37098
25603
4416
5012
13091
14653
9195
13540
78443
3885
13286
20788
2886
10012
9694
35481
42049
17689
7764
3111
41189
16827
13173
8406
7662
10088
10798
58181
29599
2871
5251
6328
24107
34758
7097
5499
22092
17122
4020
4248
23589
1181
36956
30155
3559
3417
16399
28069
7822
42294
16709
13307
19829
18941
25187
17261
28969
5875
11380
38661
3561
6248
18012
3114
6077
1491
6521
14598
285
19067
22404
2736
704
18393
17131
42508
21447
34570
14378
29055
9309
55405
45297
17155
10510
1607
15530
4192
79605
5243
9568
24360
15259
12323
12143
22726
4024
1373
4367
9429
6523
5439
4164
5069
8647
48631
13806
6382
23340
15889
453
202
13926
56763
23987
13258
1448
12089
23505
4967
37790
21533
3917
15505
12417
14282
22696
37913
16441
36032
16735
8129
12321
13976
10661
7135
16488
12579
15204
5696
28097
10145
4066
38973
6407
7956
7448
5080
5081
13130
3018
10924
11699
17302
14670
3576
1870
29940
32320
9213
3481
27090
27956
46047
12743
40350
12159
5226
21563
14366
5364
12005
7631
30289
8427
14237
1983
65002
37233
22512
9344
7015
10471
3957
27804
9001
13737
21259
2098
22036
25239
60644
49217
24336
58174
3638
15402
11463
4218
20283
16723
23499
735
10771
40874
1133
5441
24628
3711
6269
35216
7936
6252
14612
15512
12253
8149
22392
3869
9727
21614
8139
40255
18899
3574
30910
10377
33797
60043
5166
31055
28498
10682
11247
13385
38721
22094
62388
2714
18230
11291
4120
20649
16396
13724
25486
21479
32582
22775
16648
8603
19235
16650
27792
10887
46756
41976
34273
29568
34031
14684
19808
23961
7556
11989
33745
21562
10742
18658
8804
15951
15218
18473
5995
37319
3826
13910
40081
45400
28678
13138
22362
1232
4491
27863
21836
3138
24549
25246
10443
16574
11897
6228
1751
2132
34325
11635
20181
23865
9391
4412
3873
48563
8314
18358
4379
23618
5956
7590
8353
9940
14287
16630
5175
3354
40807
3851
9721
2888
20324
25168
26292
23511
58254
10112
41042
19562
6489
19609
17210
8000
42161
2851
6376
9682
3194
34819
17307
20590
6764
12208
476
19318
14957
7002
9858
8004
11818
44313
34559
15839
2249
15853
16963
30638
13215
15985
3019
17094
23595
44760
2297
29015
17640
31463
69
17565
32414
564
1939
4553
4628
15342
10936
5924
5528
25392
17093
51128
2812
14283
21005
1995
33737
47001
4068
63397
14951
22802
35627
53786
9528
13026
11898
27001
16584
45785
27791
5073
19956
253
21716
23982
36225
14201
6224
28203
12232
14830
22466
12091
23455
51040
30294
5436
4860
42877
173
50110
51707
1801
12359
2263
20401
32188
5385
16401
3284
34631
15265
55625
9385
327
27199
17148
35775
3565
10962
6973
8343
5922
14682
3849
22411
861
10963
15403
32559
49517
14811
56851
12783
35246
11003
50340
23322
17709
20063
15932
26738
12068
43161
7481
35237
63027
9117
770
3400
44276
50755
6084
51223
2543
40583
11352
22080
8650
920
15752
56573
12689
37569
13717
7700
15276
2633
4149
27838
25302
19881
9452
46218
348
19667
30945
66355
152
23689
37321
17316
69704
2179
5114
22013
14526
61804
31644
7880
8614
1019
9366
3451
21281
18837
3610
4994
969
1174
14683
17054
19401
22974
11138
15579
8883
7353
39528
16285
8940
8064
740
39402
19975
1074
2073
22715
19967
4661
30481
19454
19783
25752
43775
30897
10943
2339
15161
17221
782
37485
10093
10110
12738
1332
13493
23751
14061
6884
43514
30884
641
21010
3349
62121
1629
10686
6978
23818
21450
45920
4796
787
26069
1770
16443
6668
1547
190
27548
3595
7675
24765
20102
734
5552
4820
1047
8624
39587
10297
11539
14872
2744
31714
1537
28900
23777
22833
24730
31033
4474
24148
8511
9224
8332
1553
4871
4252
13153
4837
61873
5026
2321
30792
30427
63524
17150
20914
8788
15168
26782
49187
3081
6951
38945
12364
19165
8870
14056
16644
29610
3578
9961
30652
17252
27997
22835
17119
8426
28559
1356
4710
47009
7088
1574
15170
21873
26750
14505
5228
30695
12345
12813
20747
13135
2117
12258
10410
40278
5813
2630
12499
10996
1965
18947
16118
13253
9712
38228
21505
53802
10193
17267
13168
16037
20369
3293
8600
55067
36163
27717
21750
24622
28163
17434
2754
31529
32924
60442
33238
28405
14847
53426
5959
138
4462
21966
19671
16435
102
19108
20212
3523
4300
6851
30401
43337
27954
5738
6634
11789
11082
58743
2531
27525
2566
7001
46029
34408
55489
2058
4566
3751
2436
17509
36905
46245
18007
20092
11343
27499
6123
8828
10764
43461
26997
28338
15272
9256
20183
1316
9600
2108
8159
28148
10636
8451
74451
48766
7812
47315
11339
1084
3522
60276
13934
8032
6664
16421
1753
52982
5649
1265
12819
34534
10870
24094
21217
4339
21310
9177
12365
3859
7264
51039
25415
17520
41964
52083
8380
4448
7705
16149
11933
22342
3552
3622
17694
17192
38668
17195
3396
11997
51785
51480
69141
17700
17809
860
19516
4785
50292
26603
16978
45140
28544
902
10958
22633
30486
2127
19048
17063
63302
17831
36381
11718
16858
24061
30548
8028
9673
32587
14589
56836
12440
7721
9201
447
5638
41475
30824
16654
24908
8713
16404
34111
8291
17073
3654
59273
3154
6350
11263
39039
4925
14375
651
13588
43410
10249
10460
7037
3713
59528
10047
1161
16367
35105
10167
3397
30285
12751
1717
23915
9529
10318
1711
5623
7059
37143
21860
27903
40950
27794
41274
41919
24837
1988
45327
29782
7177
37223
13719
20941
31063
9068
36721
32353
5792
4600
6959
3346
35752
4745
18244
28428
445
7566
38036
18703
3665
37363
6561
55543
26550
33302
31282
18290
32389
13475
18080
8626
8328
32953
22125
28002
35564
14027
37306
10133
11292
17756
19476
10774
25390
4308
827
25549
7215
7529
41913
13646
21411
43600
4630
29428
27320
24754
16299
7652
35801
33815
22202
2684
15511
8171
24918
46093
650
25253
20257
1777
4265
15539
27037
1966
25996
2591
31794
27645
301
13705
28736
24977
3741
23665
3786
2503
30474
57470
14243
20680
1804
14234
7417
7320
13924
33560
167
16213
1946
27700
4831
37736
13645
31470
25632
32339
33326
23290
21353
2343
7616
20326
22049
28245
8957
15451
22141
46028
34267
13255
4456
2081
21766
27732
8301
774
26935
4631
27347
5811
21051
29939
701
29963
19838
64395
16873
15233
1971
1475
26397
17482
1996
10076
27022
15236
17019
11318
21612
55586
20971
16212
14120
2366
18904
38935
4841
32380
9601
15101
28452
2033
17068
66239
3058
4903
16962
12261
17586
7940
15375
17278
44610
16846
62832
24225
28535
60848
15333
12154
7255
8537
17688
44194
18747
40563
18829
12894
13665
27716
59944
12663
5978
43590
46416
21666
10073
36186
559
43473
23271
11216
23657
26327
30798
4081
14377
13292
10230
3221
38187
26222
22123
3689
23386
17664
4765
25533
12374
11860
14568
21580
51190
47078
24208
4144
65100
58748
26435
26518
31467
10692
49167
29014
20250
10348
3949
1085
5854
11832
21182
34329
11198
16
13865
9927
12378
25701
1191
35982
29203
6805
6725
49298
25600
28732
1858
13885
5526
22493
5047
13760
20689
42583
52369
4987
1742
9867
44251
22045
55325
11811
28846
13713
15915
43036
47890
25873
3573
1891
25356
14249
15155
11695
40169
5675
53335
20170
13001
14522
13877
21334
11698
9263
16804
4763
18392
32066
40854
37199
42411
548
45724
17459
12804
22358
3009
4084
14489
52665
26097
23660
4819
42281
26442
23394
1876
19483
3881
27180
41563
7457
34851
6121
24705
23253
17080
12173
28457
6519
2403
24780
17948
1349
2617
3449
10115
23509
38736
17767
584
23095
20620
27667
22975
5450
49957
16745
2077
48847
28885
17839
31910
9075
38151
1986
10706
6001
6508
20382
12552
2904
10072
15278
39607
27951
18209
3380
919
